1.51532 0
1.606747 1
1.611355 1
1.615963 537
1.708254 1073
1.712862 1609
1.71747 2145
1.722078 2681
1.805154 3217
1.809762 3753
1.81437 4289
1.818978 4825
1.823586 5361
1.828194 5897
1.832802 6433
1.83741 6969
1.902053 7505
1.906661 8041
1.911269 8577
1.915877 9113
1.920485 9649
1.925093 10185
1.929701 10721
1.934309 11257
1.938917 11793
1.943525 12329
1.948133 12865
1.952741 13401
1.957349 13937
1.961957 14473
1.966565 15009
1.971173 15545
1.998952 16081
2.00356 16617
2.008168 17153
2.012776 17689
2.017384 18225
2.021992 18761
2.0266 19297
2.031208 19833
2.035816 20369
2.040424 20905
2.045032 21441
2.04964 21977
2.054248 22513
2.058856 23049
2.063464 23585
2.068072 24121
2.07268 24657
2.077288 25193
2.081896 25729
2.086504 26265
2.091112 26801
2.09572 27337
2.100328 27873
2.104936 28409
2.109544 28945
2.114152 29481
2.11876 30017
2.123368 30553
2.127976 31089
2.132584 31625
2.137192 32161
2.1418 32697
2.146408 33233
2.151016 33769
2.155624 34305
2.160232 34841
2.16484 35377
2.169448 35913
2.174056 36449
2.178664 36985
2.183272 37521
2.18788 38057
2.192488 38593
2.197096 39129
2.201704 39665
2.206312 40201
2.21092 40737
2.215528 41273
2.220136 41809
2.224744 42345
2.229352 42881
2.23396 43417
2.238568 43953
2.243176 44489
2.247784 45025
2.252392 45561
2.257 46097
2.261608 46633
2.266216 47169
2.270824 47705
2.275432 48241
2.28004 48777
2.284648 49313
2.289256 49849
2.293864 50385
2.298472 50921
2.30308 51457
2.307688 51993
2.312296 52529
2.316904 53065
2.321512 53601
2.32612 54137
2.330728 54673
2.335336 55209
2.339944 55745
2.344552 56281
2.34916 56817
2.353768 57353
2.358376 57889
2.362984 58425
2.367592 58961
2.3722 59497
2.376808 60033
2.381416 60569
2.386024 61105
2.390632 61641
2.39524 62177
2.399848 62713
2.404456 63249
2.409064 63785
2.413672 64321
2.41828 64857
2.422888 65393
2.427496 65929
2.432104 66465
2.436712 67001
2.44132 67537
2.445928 68073
2.450536 68609
2.455144 69145
2.459752 69681
2.46436 70217
2.468968 70753
2.473576 71289
2.478184 71825
2.482792 72361
2.4874 72897
2.492008 73433
2.496616 73969
2.501224 75041
2.505832 76113
2.51044 77185
2.515048 78257
2.519656 79329
2.524264 80401
2.528872 81473
2.53348 82545
2.538088 83617
2.542696 84689
2.547304 85761
2.551912 86833
2.55652 87905
2.561128 88977
2.565736 90049
2.570344 91121
2.574952 92193
2.57956 93265
2.584168 94337
2.588776 95409
2.593384 96481
2.597992 97553
2.6026 98625
2.607208 99697
2.611816 100769
2.616424 101841
2.621032 102913
2.62564 103985
2.630248 105057
2.634856 106129
2.639464 106665
2.644072 107201
2.64868 107737
2.653288 108273
2.657896 108809
2.662504 109345
2.667112 109881
2.67172 110417
2.676328 110953
2.680936 111489
2.685544 112025
2.690152 112561
2.69476 113097
2.699368 113633
2.703976 114169
2.708584 114705
2.713192 115241
2.7178 115777
2.722408 116313
2.727016 116849
2.731624 117385
2.736232 117921
2.74084 118457
2.745448 118993
2.750056 119529
2.754664 120065
2.759272 120601
2.76388 121137
2.768488 121673
2.773096 122209
2.777704 122745
2.782312 123281
2.78692 123817
2.791528 124353
2.796136 124889
2.800744 125425
2.805352 125961
2.80996 126497
2.814568 127033
2.819176 127569
2.823784 74505
2.828955 75577
2.833715 76649
2.838323 77721
2.842931 78793
2.847539 79865
2.852147 80937
2.856755 82009
2.861363 83081
2.865971 84153
2.870579 85225
2.875352 86297
2.880062 87369
2.884822 88441
2.88943 89513
2.894038 90585
2.898646 91657
2.903254 92729
2.907862 93801
2.91247 94873
2.917078 95945
2.921686 97017
2.926294 98089
2.930902 99161
2.93551 100233
2.940118 101305
2.944726 102377
2.949334 103449
2.953942 104521
2.95855 105593
2.963158 128105
2.967766 128641
2.972374 129177
2.976982 129713
2.98159 130249
2.986198 130785
2.990806 131321
2.995414 131857
3.000022 132393
3.00463 132929
3.009238 133465
3.013846 134001
3.018454 134537
3.023062 135073
3.02767 135609
3.032278 136145
3.036886 136681
3.041494 137217
3.046102 137753
3.05071 138289
3.055318 138825
3.059926 139361
3.064534 139897
3.069142 140433
3.07375 140969
3.078358 141505
3.082966 142041
3.087574 142577
3.092182 143113
3.09679 143649
3.101398 144185
3.106006 144721
3.110614 145257
3.115222 145793
3.11983 146329
3.124438 146865
3.129046 147401
3.133654 147937
3.138262 148473
3.14287 149009
3.147478 149545
3.152086 150081
3.156694 150617
3.161302 151153
3.16591 151689
3.170518 152225
3.175126 152761
3.179734 153297
3.184342 153833
3.18895 154369
3.193558 154905
3.198166 155441
3.202774 155977
3.207382 156513
3.21199 157049
3.216598 157585
3.221206 158121
3.225814 158657
3.230422 159193
3.23503 159729
3.239638 160265
3.244246 160801
3.248854 161337
3.253462 161873
3.25807 162409
3.262678 162945
3.267286 163481
3.271894 164017
3.276502 164553
3.28111 165089
3.285718 165625
3.290326 166161
3.294934 166697
3.299542 167233
3.30415 167769
3.308758 168305
3.313366 168841
3.317974 169377
3.322582 169913
3.32719 170449
3.331798 170985
3.336406 171521
3.341014 172057
3.345622 172593
3.35023 173129
3.354838 173665
3.359446 174201
3.364054 174737
3.368662 175273
3.37327 175809
3.377878 176345
3.382486 176881
3.387094 177417
3.391702 177953
3.39631 178489
3.400918 179025
3.405526 179561
3.410134 180097
3.414742 180633
3.41935 181169
3.423958 181705
3.428566 182241
3.433174 182777
3.437782 183313
3.44239 183849
3.446998 184385
3.451606 184921
3.456214 185457
3.460822 185993
3.46543 186529
3.470038 187065
3.474646 187601
3.479254 188137
3.483862 188673
3.48847 189209
3.493078 189745
3.497686 190281
3.502294 190817
3.506902 191353
3.51151 191889
3.516118 192425
3.520726 192961
3.525334 193497
3.529942 194033
3.53455 194569
3.539158 195105
3.543766 195641
3.548374 196177
3.552982 196713
3.55759 197249
3.562198 197785
3.566806 198321
3.571414 198857
3.576022 199393
3.58063 199929
3.585238 200465
3.589846 201001
3.594454 201537
3.599062 202073
3.60367 202609
3.608278 203145
3.612886 203681
3.617494 204217
3.622102 204753
3.62671 205289
3.631318 205825
3.635926 206361
3.640534 206897
3.645142 207433
3.64975 207969
3.654358 208505
3.658966 209041
3.663574 209577
3.668182 210113
3.67279 210649
3.677398 211185
3.682006 211721
3.686614 212257
3.691222 212793
3.69583 213329
3.700438 213865
3.705046 214401
3.709654 214937
3.714262 215473
3.71887 216009
3.723478 216545
3.728086 217081
3.732694 217617
3.737302 218153
3.74191 218689
3.746518 219225
3.751126 219761
3.755734 220297
3.760342 220833
3.76495 221369
3.769558 221905
3.774166 222441
3.778774 222977
3.783382 223513
3.78799 224049
3.792598 224585
3.797206 225121
3.801814 225657
3.806422 226193
3.81103 226729
3.815638 227265
3.820246 227801
3.824854 228337
3.829462 228873
3.83407 229409
3.838678 229945
3.843286 230481
3.847894 231017
3.852502 231553
3.85711 232089
3.861718 232625
3.866326 233161
3.870934 233697
3.875542 234233
3.88015 234769
3.884758 235305
3.889366 235841
3.893974 236377
3.898582 236913
3.90319 237449
3.907798 237985
3.912406 238521
3.917014 239057
3.921622 239593
3.92623 240129
3.930838 240665
3.935446 241201
3.940054 241737
3.944662 242273
3.94927 242809
3.953878 243345
3.958486 243881
3.963094 244417
3.967702 244953
3.97231 245489
3.976918 246025
3.981526 246561
3.986134 247097
3.990742 247633
3.99535 248169
3.999958 248705
4.004566 249241
4.009174 249777
4.013782 250313
4.01839 250849
4.022998 251385
4.027606 251921
4.032214 252457
4.036822 252993
4.04143 253529
4.046038 254065
4.050646 254601
4.055254 255137
4.059862 255673
4.06447 256209
4.069078 256745
4.073686 257281
4.078294 257817
4.082902 258353
4.08751 258889
4.092118 259425
4.096726 259961
4.101334 260497
4.105942 261033
4.11055 261569
4.115158 262105
4.119766 262641
4.124374 263177
4.128982 263713
4.13359 264249
4.138198 264785
4.142806 265321
4.147414 265857
4.152022 266393
4.15663 266929
4.161238 267465
4.165846 268001
4.170454 268537
4.175062 269073
4.17967 269609
4.184278 270145
4.188886 270681
4.193494 271217
4.198102 271753
4.20271 272289
4.207318 272825
4.211926 273361
4.216534 273897
4.221142 274433
4.22575 274969
4.230358 275505
4.234966 276041
4.239574 276577
4.244182 277113
4.24879 277649
4.253398 278185
4.258006 278721
4.262614 279257
4.267222 279793
4.27183 280329
4.276438 280865
4.281046 281401
4.285654 281937
4.290262 282473
4.29487 283009
4.299478 283545
4.304086 284081
4.308694 284617
4.313302 285153
4.31791 285689
4.322518 286225
4.327126 286761
4.331734 287297
4.336342 287833
4.34095 288369
4.345558 288905
4.350166 289441
4.354774 289977
4.359382 290513
4.36399 291049
4.368598 291585
4.373206 292121
4.377814 292657
4.382422 293193
4.38703 293729
4.391638 294265
4.396246 294801
4.400854 295337
4.405462 295873
4.41007 296409
4.414678 296945
4.419286 297481
4.423894 298017
4.428502 298553
4.43311 299089
4.437718 299625
4.442326 300161
4.446934 300697
4.451542 301233
4.45615 301769
4.460758 302305
4.465366 302841
4.469974 303377
4.474582 303913
4.47919 304449
4.483798 304985
4.488406 305521
4.493014 306057
4.497622 306593
4.50223 307129
4.506838 307665
4.511446 308201
4.516054 308737
4.520662 309273
4.52527 309809
4.529878 310345
4.534486 310881
4.539094 311417
4.543702 311953
4.54831 312489
4.552918 313025
4.557526 313561
4.562134 314097
4.566742 314633
4.57135 315169
4.575958 315705
4.580566 316241
4.585174 316777
4.589782 317313
4.59439 317849
4.598998 318385
4.603606 318921
4.608214 319457
4.612822 319993
4.61743 320529
4.622038 321065
4.626646 321601
4.631254 322137
4.635862 322673
4.64047 323209
4.645078 323745
4.649686 324281
4.654294 324817
4.658902 325353
4.66351 325889
4.668118 326425
4.672726 326961
4.677334 327497
4.681942 328033
4.68655 328569
4.691158 329105
4.695766 329641
4.700374 330177
4.704982 330713
4.70959 331249
4.714198 331785
4.718806 332321
4.723414 332857
4.728022 333393
4.73263 333929
4.737238 334465
4.741846 335001
4.746454 335537
4.751062 336073
4.75567 336609
4.760278 337145
4.764886 337681
4.769494 338217
4.774102 338753
4.77871 339289
4.783318 339825
4.787926 340361
4.792534 340897
4.797142 341433
4.80175 341969
4.806358 342505
4.810966 343041
4.815574 343577
4.820182 344113
4.82479 344649
4.829398 345185
4.834006 345721
4.838614 346257
4.843222 346793
4.84783 347329
4.852438 347865
4.857046 348401
4.861654 348937
4.866262 349473
4.87087 350009
4.875478 350545
4.880086 351081
4.884694 351617
4.889302 352153
4.89391 352689
4.898518 353225
4.903126 353761
4.907734 354297
4.912342 354833
4.91695 355369
4.921558 355905
4.926166 356441
4.930774 356977
4.935382 357513
4.93999 358049
4.944598 358585
4.949206 359121
4.953814 359657
4.958422 360193
4.96303 360729
4.967638 361265
4.972246 361801
4.976854 362337
4.981462 362873
4.98607 363409
4.990678 363945
4.995286 364481
4.999894 365017
5.004502 365553
5.00911 366089
5.013718 366625
5.018326 367161
5.022934 367697
5.027542 368233
5.03215 368769
5.036758 369305
5.041366 369841
5.045974 370377
5.050582 370913
5.05519 371449
5.059798 371985
5.064406 372521
5.069014 373057
5.073622 373593
5.07823 374129
5.082838 374665
5.087446 375201
5.092054 375737
5.096662 376273
5.10127 376809
5.105878 377345
5.110486 377881
5.115094 378417
5.119702 378953
5.12431 379489
5.128918 380025
5.133526 380561
5.138134 381097
5.142742 381633
5.14735 382169
5.151958 382705
5.156566 383241
5.161174 383777
5.165782 384313
5.17039 384849
5.174998 385385
5.179606 385921
5.184214 386457
5.188822 386993
5.19343 387529
5.198038 388065
5.202646 388601
5.207254 389137
5.211862 389673
5.21647 390209
5.221078 390745
5.225686 391281
5.230294 391817
5.234902 392353
5.23951 392889
5.244118 393425
5.248726 393961
5.253334 394497
5.257942 395033
5.26255 395569
5.267158 396105
5.271766 396641
5.276374 397177
5.280982 397713
5.28559 398249
5.290198 398785
5.294806 399321
5.299414 399857
5.304022 400393
5.30863 400929
5.313238 401465
5.317846 402001
5.322454 402537
5.327062 403073
5.33167 403609
5.336278 404145
5.340886 404681
5.345494 405217
5.350102 405753
5.35471 406289
5.359318 406825
5.363926 407361
5.368534 407897
5.373142 408433
5.37775 408969
5.382358 409505
5.386966 410041
5.391574 410577
5.396182 411113
5.40079 411649
5.405398 412185
5.410006 412721
5.414614 413257
5.419222 413793
5.42383 414329
5.428438 414865
5.433046 415401
5.437654 415937
5.442262 416473
5.44687 417009
5.451478 417545
5.456086 418081
5.460694 418617
5.465302 419153
5.46991 419689
5.474518 420225
5.479126 420761
5.483734 421297
5.488342 421833
5.49295 422369
5.497558 422905
5.502166 423441
5.506774 423977
5.511382 424513
5.51599 425049
5.520598 425585
5.525206 426121
5.529814 426657
5.534422 427193
5.53903 427729
5.543638 428265
5.548246 428801
5.552854 429337
5.557462 429873
5.56207 430409
5.566678 430945
5.571286 431481
5.575894 432017
5.580502 432553
5.58511 433089
5.589718 433625
5.594326 434161
5.598934 434697
5.603542 435233
5.60815 435769
5.612758 436305
5.617366 436841
5.621974 437377
5.626582 437913
5.63119 438449
5.635798 438985
5.640406 439521
5.645014 440057
5.649622 440593
5.65423 441129
5.658838 441665
5.663446 442201
5.668054 442737
5.672662 443273
5.67727 443809
5.681878 444345
5.686486 444881
5.691094 445417
5.695702 445953
5.70031 446489
5.704918 447025
5.709526 447561
5.714134 448097
5.718742 448633
5.72335 449169
5.727958 449705
5.732566 450241
5.737174 450777
5.741782 451313
5.74639 451849
5.750998 452385
5.755606 452921
5.760214 453457
5.764822 453993
5.76943 454529
5.774038 455065
5.778646 455601
5.783254 456137
5.787862 456673
5.79247 457209
5.797078 457745
5.801686 458281
5.806294 458817
5.810902 459353
5.81551 459889
5.820118 460425
5.824726 460961
5.829334 461497
5.833942 462033
5.83855 462569
5.843158 463105
5.847766 463641
5.852374 464177
5.856982 464713
5.86159 465249
5.866198 465785
5.870806 466321
5.875414 466857
5.880022 467393
5.88463 467929
5.889238 468465
5.893846 469001
5.898454 469537
5.903062 470073
5.90767 470609
5.912278 471145
5.916886 471681
5.921494 472217
5.926102 472753
5.93071 473289
5.935318 473825
5.939926 474361
5.944534 474897
5.949142 475433
5.95375 475969
5.958358 476505
5.962966 477041
5.967574 477577
5.972182 478113
5.97679 478649
5.981398 479185
5.986006 479721
5.990614 480257
5.995222 480793
5.99983 481329
6.004438 481865
6.009046 482401
6.013654 482937
6.018262 483473
6.02287 484009
6.027478 484545
6.032086 485081
6.036694 485617
6.041302 486153
6.04591 486689
6.050518 487225
6.055126 487761
6.059734 488297
6.064342 488833
6.06895 489369
6.073558 489905
6.078166 490441
6.082774 490977
6.087382 491513
6.09199 492049
6.096598 492585
6.101206 493121
6.105814 493657
6.110422 494193
6.11503 494729
6.119638 495265
6.124246 495801
6.128854 496337
6.133462 496873
6.13807 497409
6.142678 497945
6.147286 498481
6.151894 499017
6.156502 499553
6.16111 500089
6.165718 500625
6.170326 501161
6.174934 501697
6.179542 502233
6.18415 502769
6.188758 503305
6.193366 503841
6.197974 504377
6.202582 504913
6.20719 505449
6.211798 505985
6.216406 506521
6.221014 507057
6.225622 507593
6.23023 508129
6.234838 508665
6.239446 509201
6.244054 509737
6.248662 510273
6.25327 510809
6.257878 511345
6.262486 511881
6.267094 512417
6.271702 512953
6.27631 513489
6.280918 514025
6.285526 514561
6.290134 515097
6.294742 515633
6.29935 516169
6.303958 516705
6.308566 517241
6.313174 517777
6.317782 518313
6.32239 518849
6.326998 519385
6.331606 519921
6.336214 520457
6.340822 520993
6.34543 521529
6.350038 522065
6.354646 522601
6.359254 523137
6.363862 523673
6.36847 524209
6.373078 524745
6.377686 525281
6.382294 525817
6.386902 526353
6.39151 526889
6.396118 527425
6.400726 527961
6.405334 528497
6.409942 529033
6.41455 529569
6.419158 530105
6.423766 530641
6.428374 531177
6.432982 531713
6.43759 532249
6.442198 532785
6.446806 533321
6.451414 533857
6.456022 534393
6.46063 534929
6.465238 535465
6.469846 536001
6.474454 536537
6.479062 537073
6.48367 537609
6.488278 538145
6.492886 538681
6.497494 539217
6.502102 539753
6.50671 540289
6.511318 540825
6.515926 541361
6.520534 541897
6.525142 542433
6.52975 542969
6.534358 543505
6.538966 544041
6.543574 544577
6.548182 545113
6.55279 545649
6.557398 546185
6.562006 546721
6.566614 547257
6.571222 547793
6.57583 548329
6.580438 548865
6.585046 549401
6.589654 549937
6.594262 550473
6.59887 551009
6.603478 551545
6.608086 552081
6.612694 552617
6.617302 553153
6.62191 553689
6.626518 554225
6.631126 554761
6.635734 555297
6.640342 555833
6.64495 556369
6.649558 556905
6.654166 557441
6.658774 557977
6.663382 558513
6.66799 559049
6.672598 559585
6.677206 560121
6.681814 560657
6.686422 561193
6.69103 561729
6.695638 562265
6.700246 562801
6.704854 563337
6.709462 563873
6.71407 564409
6.718678 564945
6.723286 565481
6.727894 566017
6.732502 566553
6.73711 567089
6.741718 567625
6.746326 568161
6.750934 568697
6.755542 569233
6.76015 569769
6.764758 570305
6.769366 570841
6.773974 571377
6.778582 571913
6.78319 572449
6.787798 572985
6.792406 573521
6.797014 574057
6.801622 574593
6.80623 575129
6.810838 575665
6.815446 576201
6.820054 576737
6.824662 577273
6.82927 577809
6.833878 578345
6.838486 578881
6.843094 579417
6.847702 579953
6.85231 580489
6.856918 581025
6.861526 581561
6.866134 582097
6.870742 582633
6.87535 583169
6.879958 583705
6.884566 584241
6.889174 584777
6.893782 585313
6.89839 585849
6.902998 586385
6.907606 586921
6.912214 587457
6.916822 587993
6.92143 588529
6.926038 589065
6.930646 589601
6.935254 590137
6.939862 590673
6.94447 591209
6.949078 591745
6.953686 592281
6.958294 592817
6.962902 593353
6.96751 593889
6.972118 594425
6.976726 594961
6.981334 595497
6.985942 596033
6.99055 596569
6.995158 597105
6.999766 597641
7.004374 598177
7.008982 598713
7.01359 599249
7.018198 599785
7.022806 600321
7.027414 600857
7.032022 601393
7.03663 601929
7.041238 602465
7.045846 603001
7.050454 603537
7.055062 604073
7.05967 604609
7.064278 605145
7.068886 605681
7.073494 606217
7.078102 606753
7.08271 607289
7.087318 607825
7.091926 608361
7.096534 608897
7.101142 609433
7.10575 609969
7.110358 610505
7.114966 611041
7.119574 611577
7.124182 612113
7.12879 612649
7.133398 613185
7.138006 613721
7.142614 614257
7.147222 614793
7.15183 615329
7.156438 615865
7.161046 616401
7.165654 616937
7.170262 617473
7.17487 618009
7.179478 618545
7.184086 619081
7.188694 619617
7.193302 620153
7.19791 620689
7.202518 621225
7.207126 621761
7.211734 622297
7.216342 622833
7.22095 623369
7.225558 623905
7.230166 624441
7.234774 624977
7.239382 625513
7.24399 626049
7.248598 626585
7.253206 627121
7.257814 627657
7.262422 628193
7.26703 628729
7.271638 629265
7.276246 629801
7.280854 630337
7.285462 630873
7.29007 631409
7.294678 631945
7.299286 632481
7.303894 633017
7.308502 633553
7.31311 634089
7.317718 634625
7.322326 635161
7.326934 635697
7.331542 636233
7.33615 636769
7.340758 637305
7.345366 637841
7.349974 638377
7.354582 638913
7.35919 639449
7.363798 639985
7.368406 640521
7.373014 641057
7.377622 641593
7.38223 642129
7.386838 642665
7.391446 643201
7.396054 643737
7.400662 644273
7.40527 644809
7.409878 645345
7.414486 645881
7.419094 646417
7.423702 646953
7.42831 647489
7.432918 648025
7.437526 648561
7.442134 649097
7.446742 649633
7.45135 650169
7.455958 650705
7.460566 651241
7.465174 651777
7.469782 652313
7.47439 652849
7.478998 653385
7.483606 653921
7.488214 654457
7.492822 654993
7.49743 655529
7.502038 656065
7.506646 656601
7.511254 657137
7.515862 657673
7.52047 658209
7.525078 658745
7.529686 659281
7.534294 659817
7.538902 660353
7.54351 660889
7.548118 661425
7.552726 661961
7.557334 662497
7.561942 663033
7.56655 663569
7.571158 664105
7.575766 664641
7.580374 665177
7.584982 665713
7.58959 666249
7.594198 666785
7.598806 667321
7.603414 667857
7.608022 668393
7.61263 668929
7.617238 669465
7.621846 670001
7.626454 670537
7.631062 671073
7.63567 671609
7.640278 672145
7.644886 672681
7.649494 673217
7.654102 673753
7.65871 674289
7.663318 674825
7.667926 675361
7.672534 675897
7.677142 676433
7.68175 676969
7.686358 677505
7.690966 678041
7.695574 678577
7.700182 679113
7.70479 679649
7.709398 680185
7.714006 680721
7.718614 681257
7.723222 681793
7.72783 682329
7.732438 682865
7.737046 683401
7.741654 683937
7.746262 684473
7.75087 685009
7.755478 685545
7.760086 686081
7.764694 686617
7.769302 687153
7.77391 687689
7.778518 688225
7.783126 688761
7.787734 689297
7.792342 689833
7.79695 690369
7.801558 690905
7.806166 691441
7.810774 691977
7.815382 692513
7.81999 693049
7.824598 693585
7.829206 694121
7.833814 694657
7.838422 695193
7.84303 695729
7.847638 696265
7.852246 696801
7.856854 697337
7.861462 697873
7.86607 698409
7.870678 698945
7.875286 699481
7.879894 700017
7.884502 700553
7.88911 701089
7.893718 701625
7.898326 702161
7.902934 702697
7.907542 703233
7.91215 703769
7.916758 704305
7.921366 704841
7.925974 705377
7.930582 705913
7.93519 706449
7.939798 706985
7.944406 707521
7.949014 708057
7.953622 708593
7.95823 709129
7.962838 709665
7.967446 710201
7.972054 710737
7.976662 711273
7.98127 711809
7.985878 712345
7.990486 712881
7.995094 713417
7.999702 713953
8.00431 714489
8.008918 715025
8.013526 715561
8.018134 716097
8.022742 716633
8.02735 717169
8.031958 717705
8.036566 718241
8.041174 718777
8.045782 719313
8.05039 719849
8.054998 720385
8.059606 720921
8.064214 721457
8.068822 721993
8.07343 722529
8.078038 723065
8.082646 723601
8.087254 724137
8.091862 724673
8.09647 725209
8.101078 725745
8.105686 726281
8.110294 726817
8.114902 727353
8.11951 727889
8.124118 728425
8.128726 728961
8.133334 729497
8.137942 730033
8.14255 730569
8.147158 731105
8.151766 731641
8.156374 732177
8.160982 732713
8.16559 733249
8.170198 733785
8.174806 734321
8.179414 734857
8.184022 735393
8.18863 735929
8.193238 736465
8.197846 737001
8.202454 737537
8.207062 738073
8.21167 738609
8.216278 739145
8.220886 739681
8.225494 740217
8.230102 740753
8.23471 741289
8.239318 741825
8.243926 742361
8.248534 742897
8.253142 743433
8.25775 743969
8.262358 744505
8.266966 745041
8.271574 745577
8.276182 746113
8.28079 746649
8.285398 747185
8.290006 747721
8.294614 748257
8.299222 748793
8.30383 749329
8.308438 749865
8.313046 750401
8.317654 750937
8.322262 751473
8.32687 752009
8.331478 752545
8.336086 753081
8.340694 753617
8.345302 754153
8.34991 754689
8.354518 755225
8.359126 755761
8.363734 756297
8.368342 756833
8.37295 757369
8.377558 757905
8.382166 758441
8.386774 758977
8.391382 759513
8.39599 760049
8.400598 760585
8.405206 761121
8.409814 761657
8.414422 762193
8.41903 762729
8.423638 763265
8.428246 763801
8.432854 764337
8.437462 764873
8.44207 765409
8.446678 765945
8.451286 766481
8.455894 767017
8.460502 767553
8.46511 768089
8.469718 768625
8.474326 769161
8.478934 769697
8.483542 770233
8.48815 770769
8.492758 771305
8.497366 771841
8.501974 772377
8.506582 772913
8.51119 773449
8.515798 773985
8.520406 774521
8.525014 775057
8.529622 775593
8.53423 776129
8.538838 776665
8.543446 777201
8.548054 777737
8.552662 778273
8.55727 778809
8.561878 779345
8.566486 779881
8.571094 780417
8.575702 780953
8.58031 781489
8.584918 782025
8.589526 782561
8.594134 783097
8.598742 783633
8.60335 784169
8.607958 784705
8.612566 785241
8.617174 785777
8.621782 786313
8.62639 786849
8.630998 787385
8.635606 787921
8.640214 788457
8.644822 788993
8.64943 789529
8.654038 790065
8.658646 790601
8.663254 791137
8.667862 791673
8.67247 792209
8.677078 792745
8.681686 793281
8.686294 793817
8.690902 794353
8.69551 794889
8.700118 795425
8.704726 795961
8.709334 796497
8.713942 797033
8.71855 797569
8.723158 798105
8.727766 798641
8.732374 799177
8.736982 799713
8.74159 800249
8.746198 800785
8.750806 801321
8.755414 801857
8.760022 802393
8.76463 802929
8.769238 803465
8.773846 804001
8.778454 804537
8.783062 805073
8.78767 805609
8.792278 806145
8.796886 806681
8.801494 807217
8.806102 807753
8.81071 808289
8.815318 808825
8.819926 809361
8.824534 809897
8.829142 810433
8.83375 810969
8.838358 811505
8.842966 812041
8.847574 812577
8.852182 813113
8.85679 813649
8.861398 814185
8.866006 814721
8.870614 815257
8.875222 815793
8.87983 816329
8.884438 816865
8.889046 817401
8.893654 817937
8.898262 818473
8.90287 819009
8.907478 819545
8.912086 820081
8.916694 820617
8.921302 821153
8.92591 821689
8.930518 822225
8.935126 822761
8.939734 823297
8.944342 823833
8.94895 824369
8.953558 824905
8.958166 825441
8.962774 825977
8.967382 826513
8.97199 827049
8.976598 827585
8.981206 828121
8.985814 828657
8.990422 829193
8.99503 829729
8.999638 830265
9.004246 830801
9.008854 831337
9.013462 831873
9.01807 832409
9.022678 832945
9.027286 833481
9.031894 834017
9.036502 834553
9.04111 835089
9.045718 835625
9.050326 836161
9.054934 836697
9.059542 837233
9.06415 837769
9.068758 838305
9.073366 838841
9.077974 839377
9.082582 839913
9.08719 840449
9.091798 840985
9.096406 841521
9.101014 842057
9.105622 842593
9.11023 843129
9.114838 843665
9.119446 844201
9.124054 844737
9.128662 845273
9.13327 845809
9.137878 846881
9.142486 847417
9.147094 847953
9.151702 848489
9.15631 849025
9.160918 849561
9.165526 850097
9.170134 850633
9.174742 851169
9.17935 851705
9.183958 852241
9.188566 852777
9.193174 853313
9.197782 853849
9.20239 854385
9.206998 854921
9.211606 855457
9.216214 855993
9.220822 856529
9.22543 857065
9.230038 857601
9.234646 858137
9.239254 858673
9.243862 859209
9.24847 859745
9.253078 860281
9.257686 860817
9.262294 861353
9.266902 861889
9.27151 862425
9.276118 862961
9.280726 863497
9.285334 864033
9.289942 864569
9.29455 865105
9.299158 865641
9.303766 866177
9.308374 866713
9.312982 867249
9.31759 867785
9.322198 868321
9.326806 868857
9.331414 869393
9.336022 869929
9.34063 870465
9.345238 871001
9.349846 871537
9.354454 872073
9.359062 872609
9.36367 873145
9.368278 873681
9.372886 874217
9.377494 874753
9.382102 875289
9.38671 875825
9.391318 876361
9.395926 876897
9.400534 877433
9.405142 877969
9.40975 878505
9.414358 879041
9.418966 879577
9.423574 880113
9.428182 880649
9.43279 881185
9.437398 881721
9.442006 882257
9.446614 882793
9.451222 883329
9.45583 883865
9.460438 846345
9.465046 884401
9.469654 884937
9.474262 885473
9.47887 886009
9.483478 886545
9.488086 887081
9.492694 887617
9.497302 888153
9.50191 888689
9.506518 889225
9.511126 889761
9.515734 890297
9.520342 890833
9.52495 891369
9.529558 891905
9.534166 892441
9.538774 892977
9.543382 893513
9.54799 894049
9.552598 894585
9.557206 895121
9.561814 895657
9.566422 896193
9.57103 896729
9.575638 897265
9.580246 897801
9.584854 898337
9.589462 898873
9.59407 899409
9.598678 899945
9.603286 900481
9.607894 901017
9.612502 901553
9.61711 902089
9.621718 902625
9.626326 903161
9.630934 903697
9.635542 904233
9.64015 904769
9.644758 905305
9.649366 905841
9.653974 906377
9.658582 906913
9.66319 907449
9.667798 907985
9.672406 908521
9.677014 909057
9.681622 909593
9.68623 910129
9.690838 910665
9.695446 911201
9.700054 911737
9.704662 912273
9.70927 912809
9.713878 913345
9.718486 913881
9.723094 914417
9.727702 914953
9.73231 915489
9.736918 916025
9.741526 916561
9.746134 917097
9.750742 917633
9.75535 918169
9.759958 918705
9.764566 919241
9.769174 919777
9.773782 920313
9.77839 920849
9.782998 921385
9.787606 921921
9.792214 922457
9.796822 922993
9.80143 923529
9.806038 924065
9.810646 924601
9.815254 925137
9.819862 925673
9.82447 926209
9.829078 926745
9.833686 927281
9.838294 927817
9.842902 928353
9.84751 928889
9.852118 929425
9.856726 929961
9.861334 930497
9.865942 931033
9.87055 931569
9.875158 932105
9.879766 932641
9.884374 933177
9.888982 933713
9.89359 934249
9.898198 934785
9.902806 935321
9.907414 935857
9.912022 936393
9.91663 936929
9.921238 937465
9.925846 938001
9.930454 938537
9.935062 939073
9.93967 939609
9.944278 940145
9.948886 940681
9.953494 941217
9.958102 941753
9.96271 942289
9.967318 942825
9.971926 943361
9.976534 943897
9.981142 944433
9.98575 944969
9.990358 945505
9.994966 946041
9.999574 946577
10.004182 947113
10.00879 947649
10.013398 948185
10.018006 948721
10.022614 949257
10.027222 949793
10.03183 950329
10.036438 950865
10.041046 951401
10.045654 951937
10.050262 952473
10.05487 953009
10.059478 953545
10.064086 954081
10.068694 954617
10.073302 955153
10.07791 955689
10.082518 956225
10.087126 956761
10.091734 957297
10.096342 957833
10.10095 958369
10.105558 958905
10.110166 959441
10.114774 959977
10.119382 960513
10.12399 961049
10.128598 961585
10.133206 962121
10.137814 962657
10.142422 963193
10.14703 963729
10.151638 964265
10.156246 964801
10.160854 965337
10.165462 965873
10.17007 966409
10.174678 966945
10.179286 967481
10.183894 968017
10.188502 968553
10.19311 969089
10.197718 969625
10.202326 970161
10.206934 970697
10.211542 971233
10.21615 971769
10.220758 972305
10.225366 972841
10.229974 973377
10.234582 973913
10.23919 974449
10.243798 974985
10.248406 975521
10.253014 976057
10.257622 976593
10.26223 977129
10.266838 977665
10.271446 978201
10.276054 978737
10.280662 979273
10.28527 979809
10.289878 980345
10.294486 980881
10.299094 981417
10.303702 981953
10.30831 982489
10.312918 983025
10.317526 983561
10.322134 984097
10.326742 984633
10.33135 985169
10.335958 985705
10.340566 986241
10.345174 986777
10.349782 987313
10.35439 987849
10.358998 988385
10.363606 988921
10.368214 989457
10.372822 989993
10.37743 990529
10.382038 991065
10.386646 991601
10.391254 992137
10.395862 992673
10.40047 993209
10.405078 993745
10.409686 994281
10.414294 994817
10.418902 995353
10.42351 995889
10.428118 996425
10.432726 996961
10.437334 997497
10.441942 998033
10.44655 998569
10.451158 999105
10.455766 999641
10.460374 1000177
10.464982 1000713
10.46959 1001249
10.474198 1001785
10.478806 1002321
10.483414 1002857
10.488022 1003393
10.49263 1003929
10.497238 1004465
10.501846 1005001
10.506454 1005537
10.511062 1006073
10.51567 1006609
10.520278 1007145
10.524886 1007681
10.529494 1008217
10.534102 1008753
10.53871 1009289
10.543318 1009825
10.547926 1010361
10.552534 1010897
10.557142 1011433
10.56175 1011969
10.566358 1012505
10.570966 1013041
10.575574 1013577
10.580182 1014113
10.58479 1014649
10.589398 1015185
10.594006 1015721
10.598614 1016257
10.603222 1016793
10.60783 1017329
10.612438 1017865
10.617046 1018401
10.621654 1018937
10.626262 1019473
10.63087 1020009
10.635478 1020545
10.640086 1021081
10.644694 1021617
10.649302 1022153
10.65391 1022689
10.658518 1023225
10.663126 1023761
10.667734 1024297
10.672342 1024833
10.67695 1025369
10.681558 1025905
10.686166 1026441
10.690774 1026977
10.695382 1027513
10.69999 1028049
10.704598 1028585
10.709206 1029121
10.713814 1029657
10.718422 1030193
10.72303 1030729
10.727638 1031265
10.732246 1031801
10.736854 1032337
10.741462 1032873
10.74607 1033409
10.750678 1033945
10.755286 1034481
10.759894 1035017
10.764502 1035553
10.76911 1036089
10.773718 1036625
10.778326 1037161
10.782934 1037697
10.787542 1038233
10.79215 1038769
10.796758 1039305
10.801366 1039841
10.805974 1040377
10.810582 1040913
10.81519 1041449
10.819798 1041985
10.824406 1042521
10.829014 1043057
10.833622 1043593
10.83823 1044129
10.842838 1044665
10.847446 1045201
10.852054 1045737
10.856662 1046273
10.86127 1046809
10.865878 1047345
10.870486 1047881
10.875094 1048417
10.879702 1048953
10.88431 1049489
10.888918 1050025
10.893526 1050561
10.898134 1051097
10.902742 1051633
10.90735 1052169
10.911958 1052705
10.916566 1053241
10.921174 1053777
10.925782 1054313
10.93039 1054849
10.934998 1055385
10.939606 1055921
10.944214 1056457
10.948822 1056993
10.95343 1057529
10.958038 1058065
10.962646 1058601
10.967254 1059137
10.971862 1059673
10.97647 1060209
10.981078 1060745
10.985686 1061281
10.990294 1061817
10.994902 1062353
10.99951 1062889
11.004118 1063425
11.008726 1063961
11.013334 1064497
11.017942 1065033
11.02255 1065569
11.027158 1066105
11.031766 1066641
11.036374 1067177
11.040982 1067713
11.04559 1068249
11.050198 1068785
11.054806 1069321
11.059414 1069857
11.064022 1070393
11.06863 1070929
11.073238 1071465
11.077846 1072001
11.082454 1072537
11.087062 1073073
11.09167 1073609
11.096278 1074145
11.100886 1074681
11.105494 1075217
11.110102 1075753
11.11471 1076289
11.119318 1076825
11.123926 1077361
11.128534 1077897
11.133142 1078433
11.13775 1078969
11.142358 1079505
11.146966 1080041
11.151574 1080577
11.156182 1081113
11.16079 1081649
11.165398 1082185
11.170006 1082721
11.174614 1083257
11.179222 1083793
11.18383 1084329
11.188438 1084865
11.193046 1085401
11.197654 1085937
11.202262 1086473
11.20687 1087009
11.211478 1087545
11.216086 1088081
11.220694 1088617
11.225302 1089153
11.22991 1089689
11.234518 1090225
11.239126 1090761
11.243734 1091297
11.248342 1091833
11.25295 1092369
11.257558 1092905
11.262166 1093441
11.266774 1093977
11.271382 1094513
11.27599 1095049
11.280598 1095585
11.285206 1096121
11.289814 1096657
11.294422 1097193
11.29903 1097729
11.303638 1098265
11.308246 1098801
11.312854 1099337
11.317462 1099873
11.32207 1100409
11.326678 1100945
11.331286 1101481
11.335894 1102017
11.340502 1102553
11.34511 1103089
11.349718 1103625
11.354326 1104161
11.358934 1104697
11.363542 1105233
11.36815 1105769
11.372758 1106305
11.377366 1106841
11.381974 1107377
11.386582 1107913
11.39119 1108449
11.395798 1108985
11.400406 1109521
11.405014 1110057
11.409622 1110593
11.41423 1111129
11.418838 1111665
11.423446 1112201
11.428054 1112737
11.432662 1113273
11.43727 1113809
11.441878 1114345
11.446486 1114881
11.451094 1115417
11.455702 1115953
11.46031 1116489
11.464918 1117025
11.469526 1117561
11.474134 1118097
11.478742 1118633
11.48335 1119169
11.487958 1119705
11.492566 1120241
11.497174 1120777
11.501782 1121313
11.50639 1121849
11.510998 1122385
11.515606 1122921
11.520214 1123457
11.524822 1123993
11.52943 1124529
11.534038 1125065
11.538646 1125601
11.543254 1126137
11.547862 1126673
11.55247 1127209
11.557078 1127745
11.561686 1128281
11.566294 1128817
11.570902 1129353
11.57551 1129889
11.580118 1130425
11.584726 1130961
11.589334 1131497
11.593942 1132033
11.59855 1132569
11.603158 1133105
11.607766 1133641
11.612374 1134177
11.616982 1134713
11.62159 1135249
11.626198 1135785
11.630806 1136321
11.635414 1136857
11.640022 1137393
11.64463 1137929
11.649238 1138465
11.653846 1139001
11.658454 1139537
11.663062 1140073
11.66767 1140609
11.672278 1141145
11.676886 1141681
11.681494 1142217
11.686102 1142753
11.69071 1143289
11.695318 1143825
11.699926 1144361
11.704534 1144897
11.709142 1145433
11.71375 1145969
11.718358 1146505
11.722966 1147041
11.727574 1147577
11.732182 1148113
11.73679 1148649
11.741398 1149185
11.746006 1149721
11.750614 1150257
11.755222 1150793
11.75983 1151329
11.764438 1151865
11.769046 1152401
11.773654 1152937
11.778262 1153473
11.78287 1154009
11.787478 1154545
11.792086 1155081
11.796694 1155617
11.801302 1156153
11.80591 1156689
11.810518 1157225
11.815126 1157761
11.819734 1158297
11.824342 1158833
11.82895 1159369
11.833558 1159905
11.838166 1160441
11.842774 1160977
11.847382 1161513
11.85199 1162049
11.856598 1162585
11.861206 1163121
11.865814 1163657
11.870422 1164193
11.87503 1164729
11.879638 1165265
11.884246 1165801
11.888854 1166337
11.893462 1166873
11.89807 1167409
11.902678 1167945
11.907286 1168481
11.911894 1169017
11.916502 1169553
11.92111 1170089
11.925718 1170625
11.930326 1171161
11.934934 1171697
11.939542 1172233
11.94415 1172769
11.948758 1173305
11.953366 1173841
11.957974 1174377
11.962582 1174913
11.96719 1175449
11.971798 1175985
11.976406 1176521
11.981014 1177057
11.985622 1177593
11.99023 1178129
11.994838 1178665
11.999446 1179201
12.004054 1179737
12.008662 1180273
12.01327 1180809
12.017878 1181345
12.022486 1181881
12.027094 1182417
12.031702 1182953
12.03631 1183489
12.040918 1184025
12.045526 1184561
12.050134 1185097
12.054742 1185633
12.05935 1186169
12.063958 1186705
12.068566 1187241
12.073174 1187777
12.077782 1188313
12.08239 1188849
12.086998 1189385
12.091606 1189921
12.096214 1190457
12.100822 1190993
12.10543 1191529
12.110038 1192065
12.114646 1192601
12.119254 1193137
12.123862 1193673
12.12847 1194209
12.133078 1194745
12.137686 1195281
12.142294 1195817
12.146902 1196353
12.15151 1196889
12.156118 1197425
12.160726 1197961
12.165334 1198497
12.169942 1199033
12.17455 1199569
12.179158 1200105
12.183766 1200641
12.188374 1201177
12.192982 1201713
12.19759 1202249
12.202198 1202785
12.206806 1203321
12.211414 1203857
12.216022 1204393
12.22063 1204929
12.225238 1205465
12.229846 1206001
12.234454 1206537
12.239062 1207073
12.24367 1207609
12.248278 1208145
12.252886 1208681
12.257494 1209217
12.262102 1209753
12.26671 1210289
12.271318 1210825
12.275926 1211361
12.280534 1211897
12.285142 1212433
12.28975 1212969
12.294358 1213505
12.298966 1214041
12.303574 1214577
12.308182 1215113
12.31279 1215649
12.317398 1216185
12.322006 1216721
12.326614 1217257
12.331222 1217793
12.33583 1218329
12.340438 1218865
12.345046 1219401
12.349654 1219937
12.354262 1220473
12.35887 1221009
12.363478 1221545
12.368086 1222081
12.372694 1222617
12.377302 1223153
12.38191 1223689
12.386518 1224225
12.391126 1224761
12.395734 1225297
12.400342 1225833
12.40495 1226369
12.409558 1226905
12.414166 1227441
12.418774 1227977
12.423382 1228513
12.42799 1229049
12.432598 1229585
12.437206 1230121
12.441814 1230657
12.446422 1231193
12.45103 1231729
12.455638 1232265
12.460246 1232801
12.464854 1233337
12.469462 1233873
12.47407 1234409
12.478678 1234945
12.483286 1235481
12.487894 1236017
12.492502 1236553
12.49711 1237089
12.501718 1237625
12.506326 1238161
12.510934 1238697
12.515542 1239233
12.52015 1239769
12.524758 1240305
12.529366 1240841
12.533974 1241377
12.538582 1241913
12.54319 1242449
12.547798 1242985
12.552406 1243521
12.557014 1244057
12.561622 1244593
12.56623 1245129
12.570838 1245665
12.575446 1246201
12.580054 1246737
12.584662 1247273
12.58927 1247809
12.593878 1248345
12.598486 1248881
12.603094 1249417
12.607702 1249953
12.61231 1250489
12.616918 1251025
12.621526 1251561
12.626134 1252097
12.630742 1252633
12.63535 1253169
12.639958 1253705
12.644566 1254241
12.649174 1254777
12.653782 1255313
12.65839 1255849
12.662998 1256385
12.667606 1256921
12.672214 1257457
12.676822 1257993
12.68143 1258529
12.686038 1259065
12.690646 1259601
12.695254 1260137
12.699862 1260673
12.70447 1261209
12.709078 1261745
12.713686 1262281
12.718294 1262817
12.722902 1263353
12.72751 1263889
12.732118 1264425
12.736726 1264961
12.741334 1265497
12.745942 1266033
12.75055 1266569
12.755158 1267105
12.759766 1267641
12.764374 1268177
12.768982 1268713
12.77359 1269249
12.778198 1269785
12.782806 1270321
12.787414 1270857
12.792022 1271393
12.79663 1271929
12.801238 1272465
12.805846 1273001
12.810454 1273537
12.815062 1274073
12.81967 1274609
12.824278 1275145
12.828886 1275681
12.833494 1276217
12.838102 1276753
12.84271 1277289
12.847318 1277825
12.851926 1278361
12.856534 1278897
12.861142 1279433
12.86575 1279969
12.870358 1280505
12.874966 1281041
12.879574 1281577
12.884182 1282113
12.88879 1282649
12.893398 1283185
12.898006 1283721
12.902614 1284257
12.907222 1284793
12.91183 1285329
12.916438 1285865
12.921046 1286401
12.925654 1286937
12.930262 1287473
12.93487 1288009
12.939478 1288545
12.944086 1289081
12.948694 1289617
12.953302 1290153
12.95791 1290689
12.962518 1291225
12.967126 1291761
12.971734 1292297
12.976342 1292833
12.98095 1293369
12.985558 1293905
12.990166 1294441
12.994774 1294977
12.999382 1295513
13.00399 1296049
13.008598 1296585
13.013206 1297121
13.017814 1297657
13.022422 1298193
13.02703 1298729
13.031638 1299265
13.036246 1299801
13.040854 1300337
13.045462 1300873
13.05007 1301409
13.054678 1301945
13.059286 1302481
13.063894 1303017
13.068502 1303553
13.07311 1304089
13.077718 1304625
13.082326 1305161
13.086934 1305697
13.091542 1306233
13.09615 1306769
13.100758 1307305
13.105366 1307841
13.109974 1308377
13.114582 1308913
13.11919 1309449
13.123798 1309985
13.128406 1310521
13.133014 1311057
13.137622 1311593
13.14223 1312129
13.146838 1312665
13.151446 1313201
13.156054 1313737
13.160662 1314273
13.16527 1314809
13.169878 1315345
13.174486 1315881
13.179094 1316417
13.183702 1316953
13.18831 1317489
13.192918 1318025
13.197526 1318561
13.202134 1319097
13.206742 1319633
13.21135 1320169
13.215958 1320705
13.220566 1321241
13.225174 1321777
13.229782 1322313
13.23439 1322849
13.238998 1323385
13.243606 1323921
13.248214 1324457
13.252822 1324993
13.25743 1325529
13.262038 1326065
13.266646 1326601
13.271254 1327137
13.275862 1327673
13.28047 1328209
13.285078 1328745
13.289686 1329281
13.294294 1329817
13.298902 1330353
13.30351 1330889
13.308118 1331425
13.312726 1331961
13.317334 1332497
13.321942 1333033
13.32655 1333569
13.331158 1334105
13.335766 1334641
13.340374 1335177
13.344982 1335713
13.34959 1336249
13.354198 1336785
13.358806 1337321
13.363414 1337857
13.368022 1338393
13.37263 1338929
13.377238 1339465
13.381846 1340001
13.386454 1340537
13.391062 1341073
13.39567 1341609
13.400278 1342145
13.404886 1342681
13.409494 1343217
13.414102 1343753
13.41871 1344289
13.423318 1344825
13.427926 1345361
13.432534 1345897
13.437142 1346433
13.44175 1346969
13.446358 1347505
13.450966 1348041
13.455574 1348577
13.460182 1349113
13.46479 1349649
13.469398 1350185
13.474006 1350721
13.478614 1351257
13.483222 1351793
13.48783 1352329
13.492438 1352865
13.497046 1353401
13.501654 1353937
13.506262 1354473
13.51087 1355009
13.515478 1355545
13.520086 1356081
13.524694 1356617
13.529302 1357153
13.53391 1357689
13.538518 1358225
13.543126 1358761
13.547734 1359297
13.552342 1359833
13.55695 1360369
13.561558 1360905
13.566166 1361441
13.570774 1361977
13.575382 1362513
13.57999 1363049
13.584598 1363585
13.589206 1364121
13.593814 1364657
13.598422 1365193
13.60303 1365729
13.607638 1366265
13.612246 1366801
13.616854 1367337
13.621462 1367873
13.62607 1368409
13.630678 1368945
13.635286 1369481
13.639894 1370017
13.644502 1370553
13.64911 1371089
13.653718 1371625
13.658326 1372161
13.662934 1372697
13.667542 1373233
13.67215 1373769
13.676758 1374305
13.681366 1374841
13.685974 1375377
13.690582 1375913
13.69519 1376449
13.699798 1376985
13.704406 1377521
13.709014 1378057
13.713622 1378593
13.71823 1379129
13.722838 1379665
13.727446 1380201
13.732054 1380737
13.736662 1381273
13.74127 1381809
13.745878 1382345
13.750486 1382881
13.755094 1383417
13.759702 1383953
13.76431 1384489
13.768918 1385025
13.773526 1385561
13.778134 1386097
13.782742 1386633
13.78735 1387169
13.791958 1387705
13.796566 1388241
13.801174 1388777
13.805782 1389313
13.81039 1389849
13.814998 1390385
13.819606 1390921
13.824214 1391457
13.828822 1391993
13.83343 1392529
13.838038 1393065
13.842646 1393601
13.847254 1394137
13.851862 1394673
13.85647 1395209
13.861078 1395745
13.865686 1396281
13.870294 1396817
13.874902 1397353
13.87951 1397889
13.884118 1398425
13.888726 1398961
13.893334 1399497
13.897942 1400033
13.90255 1400569
13.907158 1401105
13.911766 1401641
13.916374 1402177
13.920982 1402713
13.92559 1403249
13.930198 1403785
13.934806 1404321
13.939414 1404857
13.944022 1405393
13.94863 1405929
13.953238 1406465
13.957846 1407001
13.962454 1407537
13.967062 1408073
13.97167 1408609
13.976278 1409145
13.980886 1409681
13.985494 1410217
13.990102 1410753
13.99471 1411289
13.999318 1411825
14.003926 1412361
14.008534 1412897
14.013142 1413433
14.01775 1413969
14.022358 1414505
14.026966 1415041
14.031574 1415577
14.036182 1416113
14.04079 1416649
14.045398 1417185
14.050006 1417721
14.054614 1418257
14.059222 1418793
14.06383 1419329
14.068438 1419865
14.073046 1420401
14.077654 1420937
14.082262 1421473
14.08687 1422009
14.091478 1422545
14.096086 1423081
14.100694 1423617
14.105302 1424153
14.10991 1424689
14.114518 1425225
14.119126 1425761
14.123734 1426297
14.128342 1426833
14.13295 1427369
14.137558 1427905
14.142166 1428441
14.146774 1428977
14.151382 1429513
14.15599 1430049
14.160598 1430585
14.165206 1431121
14.169814 1431657
14.174422 1432193
14.17903 1432729
14.183638 1433265
14.188246 1433801
14.192854 1434337
14.197462 1434873
14.20207 1435409
14.206678 1435945
14.211286 1436481
14.215894 1437017
14.220502 1437553
14.22511 1438089
14.229718 1438625
14.234326 1439161
14.238934 1439697
14.243542 1440233
14.24815 1440769
14.252758 1441305
14.257366 1441841
14.261974 1442377
14.266582 1442913
14.27119 1443449
14.275798 1443985
14.280406 1444521
14.285014 1445057
14.289622 1445593
14.29423 1446129
14.298838 1446665
14.303446 1447201
14.308054 1447737
14.312662 1448273
14.31727 1448809
14.321878 1449345
14.326486 1449881
14.331094 1450417
14.335702 1450953
14.34031 1451489
14.344918 1452025
14.349526 1452561
14.354134 1453097
14.358742 1453633
14.36335 1454169
14.367958 1454705
14.372566 1455241
14.377174 1455777
14.381782 1456313
14.38639 1456849
14.390998 1457385
14.395606 1457921
14.400214 1458457
14.404822 1458993
14.40943 1459529
14.414038 1460065
14.418646 1460601
14.423254 1461137
14.427862 1461673
14.43247 1462209
14.437078 1462745
14.441686 1463281
14.446294 1463817
14.450902 1464353
14.45551 1464889
14.460118 1465425
14.464726 1465961
14.469334 1466497
14.473942 1467033
14.47855 1467569
14.483158 1468105
14.487766 1468641
14.492374 1469177
14.496982 1469713
14.50159 1470249
14.506198 1470785
14.510806 1471321
14.515414 1471857
14.520022 1472393
14.52463 1472929
14.529238 1473465
14.533846 1474001
14.538454 1474537
14.543062 1475073
14.54767 1475609
14.552278 1476145
14.556886 1476681
14.561494 1477217
14.566102 1477753
14.57071 1478289
14.575318 1478825
14.579926 1479361
14.584534 1479897
14.589142 1480433
14.59375 1480969
14.598358 1481505
14.602966 1482041
14.607574 1482577
14.612182 1483113
14.61679 1483649
14.621398 1484185
14.626006 1484721
14.630614 1485257
14.635222 1485793
14.63983 1486329
14.644438 1486865
14.649046 1487401
14.653654 1487937
14.658262 1488473
14.66287 1489009
14.667478 1489545
14.672086 1490081
14.676694 1490617
14.681302 1491153
14.68591 1491689
14.690518 1492225
14.695126 1492761
14.699734 1493297
14.704342 1493833
14.70895 1494369
14.713558 1494905
14.718166 1495441
14.722774 1495977
14.727382 1496513
14.73199 1497049
14.736598 1497585
14.741206 1498121
14.745814 1498657
14.750422 1499193
14.75503 1499729
14.759638 1500265
14.764246 1500801
14.768854 1501337
14.773462 1501873
14.77807 1502409
14.782678 1502945
14.787286 1503481
14.791894 1504017
14.796502 1504553
14.80111 1505089
14.805718 1505625
14.810326 1506161
14.814934 1506697
14.819542 1507233
14.82415 1507769
14.828758 1508305
14.833366 1508841
14.837974 1509377
14.842582 1509913
14.84719 1510449
14.851798 1510985
14.856406 1511521
14.861014 1512057
14.865622 1512593
14.87023 1513129
14.874838 1513665
14.879446 1514201
14.884054 1514737
14.888662 1515273
14.89327 1515809
14.897878 1516345
14.902486 1516881
14.907094 1517417
14.911702 1517953
14.91631 1518489
14.920918 1519025
14.925526 1519561
14.930134 1520097
14.934742 1520633
14.93935 1521169
14.943958 1521705
14.948566 1522241
14.953174 1522777
14.957782 1523313
14.96239 1523849
14.966998 1524385
14.971606 1524921
14.976214 1525457
14.980822 1525993
14.98543 1526529
14.990038 1527065
14.994646 1527601
14.999254 1528137
15.003862 1528673
15.00847 1529209
15.013078 1529745
15.017686 1530281
15.022294 1530817
15.026902 1531353
15.03151 1531889
15.036118 1532425
15.040726 1532961
15.045334 1533497
15.049942 1534033
15.05455 1534569
15.059158 1535105
15.063766 1535641
15.068374 1536177
15.072982 1536713
15.07759 1537249
15.082198 1537785
15.086806 1538321
15.091414 1538857
15.096022 1539393
15.10063 1539929
15.105238 1540465
15.109846 1541001
15.114454 1541537
15.119062 1542073
15.12367 1542609
15.128278 1543145
15.132886 1543681
15.137494 1544217
15.142102 1544753
15.14671 1545289
15.151318 1545825
15.155926 1546361
15.160534 1546897
15.165142 1547433
15.16975 1547969
15.174358 1548505
15.178966 1549041
15.183574 1549577
15.188182 1550113
15.19279 1550649
15.197398 1551185
15.202006 1551721
15.206614 1552257
15.211222 1552793
15.21583 1553329
15.220438 1553865
15.225046 1554401
15.229654 1554937
15.234262 1555473
15.23887 1556009
15.243478 1556545
15.248086 1557081
15.252694 1557617
15.257302 1558153
15.26191 1558689
15.266518 1559225
15.271126 1559761
15.275734 1560297
15.280342 1560833
15.28495 1561369
15.289558 1561905
15.294166 1562441
15.298774 1562977
15.303382 1563513
15.30799 1564049
15.312598 1564585
15.317206 1565121
15.321814 1565657
15.326422 1566193
15.33103 1566729
15.335638 1567265
15.340246 1567801
15.344854 1568337
15.349462 1568873
15.35407 1569409
15.358678 1569945
15.363286 1570481
15.367894 1571017
15.372502 1571553
15.37711 1572089
15.381718 1572625
15.386326 1573161
15.390934 1573697
15.395542 1574233
15.40015 1574769
15.404758 1575305
15.409366 1575841
15.413974 1576377
15.418582 1576913
15.42319 1577449
15.427798 1577985
15.432406 1578521
15.437014 1579057
15.441622 1579593
15.44623 1580129
15.450838 1580665
15.455446 1581201
15.460054 1581737
15.464662 1582273
15.46927 1582809
15.473878 1583345
15.478486 1583881
15.483094 1584417
15.487702 1584953
15.49231 1585489
15.496918 1586025
15.501526 1586561
15.506134 1587097
15.510742 1587633
15.51535 1588169
15.519958 1588705
15.524566 1589241
15.529174 1589777
15.533782 1590313
15.53839 1590849
15.542998 1591385
15.547606 1591921
15.552214 1592457
15.556822 1592993
15.56143 1593529
15.566038 1594065
15.570646 1594601
15.575254 1595137
15.579862 1595673
15.58447 1596209
15.589078 1596745
15.593686 1597281
15.598294 1597817
15.602902 1598353
15.60751 1598889
15.612118 1599425
15.616726 1599961
15.621334 1600497
15.625942 1601033
15.63055 1601569
15.635158 1602105
15.639766 1602641
15.644374 1603177
15.648982 1603713
15.65359 1604249
15.658198 1604785
15.662806 1605321
15.667414 1605857
15.672022 1606393
15.67663 1606929
15.681238 1607465
15.685846 1608001
15.690454 1608537
15.695062 1609073
15.69967 1609609
15.704278 1610145
15.708886 1610681
15.713494 1611217
15.718102 1611753
15.72271 1612289
15.727318 1612825
15.731926 1613361
15.736534 1613897
15.741142 1614433
15.74575 1614969
15.750358 1615505
15.754966 1616041
15.759574 1616577
15.764182 1617113
15.76879 1617649
15.773398 1618185
15.778006 1618721
15.782614 1619257
15.787222 1619793
15.79183 1620329
15.796438 1620865
15.801046 1621401
15.805654 1621937
15.810262 1622473
15.81487 1623009
15.819478 1623545
15.824086 1624081
15.828694 1624617
15.833302 1625153
15.83791 1625689
15.842518 1626225
15.847126 1626761
15.851734 1627297
15.856342 1627833
15.86095 1628369
15.865558 1628905
15.870166 1629441
15.874774 1629977
15.879382 1630513
15.88399 1631049
15.888598 1631585
15.893206 1632121
15.897814 1632657
15.902422 1633193
15.90703 1633729
15.911638 1634265
15.916246 1634801
15.920854 1635337
15.925462 1635873
15.93007 1636409
15.934678 1636945
15.939286 1637481
15.943894 1638017
15.948502 1638553
15.95311 1639089
15.957718 1639625
15.962326 1640161
15.966934 1640697
15.971542 1641233
15.97615 1641769
15.980758 1642305
15.985366 1642841
15.989974 1643377
15.994582 1643913
15.99919 1644449
16.003798 1644985
16.008406 1645521
16.013014 1646057
16.017622 1646593
16.02223 1647129
16.026838 1647665
16.031446 1648201
16.036054 1648737
16.040662 1649273
16.04527 1649809
16.049878 1650345
16.054486 1650881
16.059094 1651417
16.063702 1651953
16.06831 1652489
16.072918 1653025
16.077526 1653561
16.082134 1654097
16.086742 1654633
16.09135 1655169
16.095958 1655705
16.100566 1656241
16.105174 1656777
16.109782 1657313
16.11439 1657849
16.118998 1658385
16.123606 1658921
16.128214 1659457
16.132822 1659993
16.13743 1660529
16.142038 1661065
16.146646 1661601
16.151254 1662137
16.155862 1662673
16.16047 1663209
16.165078 1663745
16.169686 1664281
16.174294 1664817
16.178902 1665353
16.18351 1665889
16.188118 1666425
16.192726 1666961
16.197334 1667497
16.201942 1668033
16.20655 1668569
16.211158 1669105
16.215766 1669641
16.220374 1670177
16.224982 1670713
16.22959 1671249
16.234198 1671785
16.238806 1672321
16.243414 1672857
16.248022 1673393
16.25263 1673929
16.257238 1674465
16.261846 1675001
16.266454 1675537
16.271062 1676073
16.27567 1676609
16.280278 1677145
16.284886 1677681
16.289494 1678217
16.294102 1678753
16.29871 1679289
16.303318 1679825
16.307926 1680361
16.312534 1680897
16.317142 1681433
16.32175 1681969
16.326358 1682505
16.330966 1683041
16.335574 1683577
16.340182 1684113
16.34479 1684649
16.349398 1685185
16.354006 1685721
16.358614 1686257
16.363222 1686793
16.36783 1687329
16.372438 1687865
16.377046 1688401
16.381654 1688937
16.386262 1689473
16.39087 1690009
16.395478 1690545
16.400086 1691081
16.404694 1691617
16.409302 1692153
16.41391 1692689
16.418518 1693225
16.423126 1693761
16.427734 1694297
16.432342 1694833
16.43695 1695369
16.441558 1695905
16.446166 1696441
16.450774 1696977
16.455382 1697513
16.45999 1698049
16.464598 1698585
16.469206 1699121
16.473814 1699657
16.478422 1700193
16.48303 1700729
16.487638 1701265
16.492246 1701801
16.496854 1702337
16.501462 1702873
16.50607 1703409
16.510678 1703945
16.515286 1704481
16.519894 1705017
16.524502 1705553
16.52911 1706089
16.533718 1706625
16.538326 1707161
16.542934 1707697
16.547542 1708233
16.55215 1708769
16.556758 1709305
16.561366 1709841
16.565974 1710377
16.570582 1710913
16.57519 1711449
16.579798 1711985
16.584406 1712521
16.589014 1713057
16.593622 1713593
16.59823 1714129
16.602838 1714665
16.607446 1715201
16.612054 1715737
16.616662 1716273
16.62127 1716809
16.625878 1717345
16.630486 1717881
16.635094 1718417
16.639702 1718953
16.64431 1719489
16.648918 1720025
16.653526 1720561
16.658134 1721097
16.662742 1721633
16.66735 1722169
16.671958 1722705
16.676566 1723241
16.681174 1723777
16.685782 1724313
16.69039 1724849
16.694998 1725385
16.699606 1725921
16.704214 1726457
16.708822 1726993
16.71343 1727529
16.718038 1728065
16.722646 1728601
16.727254 1729137
16.731862 1729673
16.73647 1730209
16.741078 1730745
16.745686 1731281
16.750294 1731817
16.754902 1732353
16.75951 1732889
16.764118 1733425
16.768726 1733961
16.773334 1734497
16.777942 1735033
16.78255 1735569
16.787158 1736105
16.791766 1736641
16.796374 1737177
16.800982 1737713
16.80559 1738249
16.810198 1738785
16.814806 1739321
16.819414 1739857
16.824022 1740393
16.82863 1740929
16.833238 1741465
16.837846 1742001
16.842454 1742537
16.847062 1743073
16.85167 1743609
16.856278 1744145
16.860886 1744681
16.865494 1745217
16.870102 1745753
16.87471 1746289
16.879318 1746825
16.883926 1747361
16.888534 1747897
16.893142 1748433
16.89775 1748969
16.902358 1749505
16.906966 1750041
16.911574 1750577
16.916182 1751113
16.92079 1751649
16.925398 1752185
16.930006 1752721
16.934614 1753257
16.939222 1753793
16.94383 1754329
16.948438 1754865
16.953046 1755401
16.957654 1755937
16.962262 1756473
16.96687 1757009
16.971478 1757545
16.976086 1758081
16.980694 1758617
16.985302 1759153
16.98991 1759689
16.994518 1760225
16.999126 1760761
17.003734 1761297
17.008342 1761833
17.01295 1762369
17.017558 1762905
17.022166 1763441
17.026774 1763977
17.031382 1764513
17.03599 1765049
17.040598 1765585
17.045206 1766121
17.049814 1766657
17.054422 1767193
17.05903 1767729
17.063638 1768265
17.068246 1768801
17.072854 1769337
17.077462 1769873
17.08207 1770409
17.086678 1770945
17.091286 1771481
17.095894 1772017
17.100502 1772553
17.10511 1773089
17.109718 1773625
17.114326 1774161
17.118934 1774697
17.123542 1775233
17.12815 1775769
17.132758 1776305
17.137366 1776841
17.141974 1777377
17.146582 1777913
17.15119 1778449
17.155798 1778985
17.160406 1779521
17.165014 1780057
17.169622 1780593
17.17423 1781129
17.178838 1781665
17.183446 1782201
17.188054 1782737
17.192662 1783273
17.19727 1783809
17.201878 1784345
17.206486 1784881
17.211094 1785417
17.215702 1785953
17.22031 1786489
17.224918 1787025
17.229526 1787561
17.234134 1788097
17.238742 1788633
17.24335 1789169
17.247958 1789705
17.252566 1790241
17.257174 1790777
17.261782 1791313
17.26639 1791849
17.270998 1792385
17.275606 1792921
17.280214 1793457
17.284822 1793993
17.28943 1794529
17.294038 1795065
17.298646 1795601
17.303254 1796137
17.307862 1796673
17.31247 1797209
17.317078 1797745
17.321686 1798281
17.326294 1798817
17.330902 1799353
17.33551 1799889
17.340118 1800425
17.344726 1800961
17.349334 1801497
17.353942 1802033
17.35855 1802569
17.363158 1803105
17.367766 1803641
17.372374 1804177
17.376982 1804713
17.38159 1805249
17.386198 1805785
17.390806 1806321
17.395414 1806857
17.400022 1807393
17.40463 1807929
17.409238 1808465
17.413846 1809001
17.418454 1809537
17.423062 1810073
17.42767 1810609
17.432278 1811145
17.436886 1811681
17.441494 1812217
17.446102 1812753
17.45071 1813289
17.455318 1813825
17.459926 1814361
17.464534 1814897
17.469142 1815433
17.47375 1815969
17.478358 1816505
17.482966 1817041
17.487574 1817577
17.492182 1818113
17.49679 1818649
17.501398 1819185
17.506006 1819721
17.510614 1820257
17.515222 1820793
17.51983 1821329
17.524438 1821865
17.529046 1822401
17.533654 1822937
17.538262 1823473
17.54287 1824009
17.547478 1824545
17.552086 1825081
17.556694 1825617
17.561302 1826153
17.56591 1826689
17.570518 1827225
17.575126 1827761
17.579734 1828297
17.584342 1828833
17.58895 1829369
17.593558 1829905
17.598166 1830441
17.602774 1830977
17.607382 1831513
17.61199 1832049
17.616598 1832585
17.621206 1833121
17.625814 1833657
17.630422 1834193
17.63503 1834729
17.639638 1835265
17.644246 1835801
17.648854 1836337
17.653462 1836873
17.65807 1837409
17.662678 1837945
17.667286 1838481
17.671894 1839017
17.676502 1839553
17.68111 1840089
17.685718 1840625
17.690326 1841161
17.694934 1841697
17.699542 1842233
17.70415 1842769
17.708758 1843305
17.713366 1843841
17.717974 1844377
17.722582 1844913
17.72719 1845449
17.731798 1845985
17.736406 1846521
17.741014 1847057
17.745622 1847593
17.75023 1848129
17.754838 1848665
17.759446 1849201
17.764054 1849737
17.768662 1850273
17.77327 1850809
17.777878 1851345
17.782486 1851881
17.787094 1852417
17.791702 1852953
17.79631 1853489
17.800918 1854025
17.805526 1854561
17.810134 1855097
17.814742 1855633
17.81935 1856169
17.823958 1856705
17.828566 1857241
17.833174 1857777
17.837782 1858313
17.84239 1858849
17.846998 1859385
17.851606 1859921
17.856214 1860457
17.860822 1860993
17.86543 1861529
17.870038 1862065
17.874646 1862601
17.879254 1863137
17.883862 1863673
17.88847 1864209
17.893078 1864745
17.897686 1865281
17.902294 1865817
17.906902 1866353
17.91151 1866889
17.916118 1867425
17.920726 1867961
17.925334 1868497
17.929942 1869033
17.93455 1869569
17.939158 1870105
17.943766 1870641
17.948374 1871177
17.952982 1871713
17.95759 1872249
17.962198 1872785
17.966806 1873321
17.971414 1873857
17.976022 1874393
17.98063 1874929
17.985238 1875465
17.989846 1876001
17.994454 1876537
17.999062 1877073
18.00367 1877609
18.008278 1878145
18.012886 1878681
18.017494 1879217
18.022102 1879753
18.02671 1880289
18.031318 1880825
18.035926 1881361
18.040534 1881897
18.045142 1882433
18.04975 1882969
18.054358 1883505
18.058966 1884041
18.063574 1884577
18.068182 1885113
18.07279 1885649
18.077398 1886185
18.082006 1886721
18.086614 1887257
18.091222 1887793
18.09583 1888329
18.100438 1888865
18.105046 1889401
18.109654 1889937
18.114262 1890473
18.11887 1891009
18.123478 1891545
18.128086 1892081
18.132694 1892617
18.137302 1893153
18.14191 1893689
18.146518 1894225
18.151126 1894761
18.155734 1895297
18.160342 1895833
18.16495 1896369
18.169558 1896905
18.174166 1897441
18.178774 1897977
18.183382 1898513
18.18799 1899049
18.192598 1899585
18.197206 1900121
18.201814 1900657
18.206422 1901193
18.21103 1901729
18.215638 1902265
18.220246 1902801
18.224854 1903337
18.229462 1903873
18.23407 1904409
18.238678 1904945
18.243286 1905481
18.247894 1906017
18.252502 1906553
18.25711 1907089
18.261718 1907625
18.266326 1908161
18.270934 1908697
18.275542 1909233
18.28015 1909769
18.284758 1910305
18.289366 1910841
18.293974 1911377
18.298582 1911913
18.30319 1912449
18.307798 1912985
18.312406 1913521
18.317014 1914057
18.321622 1914593
18.32623 1915129
18.330838 1915665
18.335446 1916201
18.340054 1916737
18.344662 1917273
18.34927 1917809
18.353878 1918345
18.358486 1918881
18.363094 1919417
18.367702 1919953
18.37231 1920489
18.376918 1921025
18.381526 1921561
18.386134 1922097
18.390742 1922633
18.39535 1923169
18.399958 1923705
18.404566 1924241
18.409174 1924777
18.413782 1925849
18.41839 1926385
18.422998 1926921
18.427606 1927457
18.432214 1927993
18.436822 1928529
18.44143 1929065
18.446038 1929601
18.450646 1930137
18.455254 1930673
18.459862 1931209
18.46447 1931745
18.469078 1932281
18.473686 1932817
18.478294 1933353
18.482902 1933889
18.48751 1934425
18.492118 1934961
18.496726 1935497
18.501334 1936033
18.505942 1936569
18.51055 1937105
18.515158 1937641
18.519766 1938177
18.524374 1938713
18.528982 1939249
18.53359 1939785
18.538198 1940321
18.542806 1940857
18.547414 1941393
18.552022 1941929
18.55663 1942465
18.561238 1943001
18.565846 1943537
18.570454 1944073
18.575062 1944609
18.57967 1945145
18.584278 1945681
18.588886 1946217
18.593494 1946753
18.598102 1947289
18.60271 1947825
18.607318 1948361
18.611926 1948897
18.616534 1949433
18.621142 1949969
18.62575 1950505
18.630358 1951041
18.634966 1951577
18.639574 1952113
18.644182 1952649
18.64879 1953185
18.653398 1953721
18.658006 1954257
18.662614 1954793
18.667222 1955329
18.67183 1955865
18.676438 1956401
18.681046 1956937
18.685654 1957473
18.690262 1958009
18.69487 1958545
18.699478 1959081
18.704086 1959617
18.708694 1960153
18.713302 1960689
18.71791 1961225
18.722518 1961761
18.727126 1962297
18.731734 1962833
18.736342 1925313
18.74095 1963369
18.745558 1963905
18.750166 1964441
18.754774 1964977
18.759382 1965513
18.76399 1966049
18.768598 1966585
18.773206 1967121
18.777814 1967657
18.782422 1968193
18.78703 1968729
18.791638 1969265
18.796246 1969801
18.800854 1970337
18.805462 1970873
18.81007 1971409
18.814678 1971945
18.819286 1972481
18.823894 1973017
18.828502 1973553
18.83311 1974089
18.837718 1974625
18.842326 1975161
18.846934 1975697
18.851542 1976233
18.85615 1976769
18.860758 1977305
18.865366 1977841
18.869974 1978377
18.874582 1978913
18.87919 1979449
18.883798 1979985
18.888406 1980521
18.893014 1981057
18.897622 1981593
18.90223 1982129
18.906838 1982665
18.911446 1983201
18.916054 1983737
18.920662 1984273
18.92527 1984809
18.929878 1985345
18.934486 1985881
18.939094 1986417
18.943702 1986953
18.94831 1987489
18.952918 1988025
18.957526 1988561
18.962134 1989097
18.966742 1989633
18.97135 1990169
18.975958 1990705
18.980566 1991241
18.985174 1991777
18.989782 1992313
18.99439 1992849
18.998998 1993385
19.003606 1993921
19.008214 1994457
19.012822 1994993
19.01743 1995529
19.022038 1996065
19.026646 1996601
19.031254 1997137
19.035862 1997673
19.04047 1998209
19.045078 1998745
19.049686 1999281
19.054294 1999817
19.058902 2000353
19.06351 2000889
19.068118 2001425
19.072726 2001961
19.077334 2002497
19.081942 2003033
19.08655 2003569
19.091158 2004105
19.095766 2004641
19.100374 2005177
19.104982 2005713
19.10959 2006249
19.114198 2006785
19.118806 2007321
19.123414 2007857
19.128022 2008393
19.13263 2008929
19.137238 2009465
19.141846 2010001
19.146454 2010537
19.151062 2011073
19.15567 2011609
19.160278 2012145
19.164886 2012681
19.169494 2013217
19.174102 2013753
19.17871 2014289
19.183318 2014825
19.187926 2015361
19.192534 2015897
19.197142 2016433
19.20175 2016969
19.206358 2017505
19.210966 2018041
19.215574 2018577
19.220182 2019113
19.22479 2019649
19.229398 2020185
19.234006 2020721
19.238614 2021257
19.243222 2021793
19.24783 2022329
19.252438 2022865
19.257046 2023401
19.261654 2023937
19.266262 2024473
19.27087 2025009
19.275478 2025545
19.280086 2026081
19.284694 2026617
19.289302 2027153
19.29391 2027689
19.298518 2028225
19.303126 2028761
19.307734 2029297
19.312342 2029833
19.31695 2030369
19.321558 2030905
19.326166 2031441
19.330774 2031977
19.335382 2032513
19.33999 2033049
19.344598 2033585
19.349206 2034121
19.353814 2034657
19.358422 2035193
19.36303 2035729
19.367638 2036265
19.372246 2036801
19.376854 2037337
19.381462 2037873
19.38607 2038409
19.390678 2038945
19.395286 2039481
19.399894 2040017
19.404502 2040553
19.40911 2041089
19.413718 2041625
19.418326 2042161
19.422934 2042697
19.427542 2043233
19.43215 2043769
19.436758 2044305
19.441366 2044841
19.445974 2045377
19.450582 2045913
19.45519 2046449
19.459798 2046985
19.464406 2047521
19.469014 2048057
19.473622 2048593
19.47823 2049129
19.482838 2049665
19.487446 2050201
19.492054 2050737
19.496662 2051273
19.50127 2051809
19.505878 2052345
19.510486 2052881
19.515094 2053417
19.519702 2053953
19.52431 2054489
19.528918 2055025
19.533526 2055561
19.538134 2056097
19.542742 2056633
19.54735 2057169
19.551958 2057705
19.556566 2058241
19.561174 2058777
19.565782 2059313
19.57039 2059849
19.574998 2060385
19.579606 2060921
19.584214 2061457
19.588822 2061993
19.59343 2062529
19.598038 2063065
19.602646 2063601
19.607254 2064137
19.611862 2064673
19.61647 2065209
19.621078 2065745
19.625686 2066281
19.630294 2066817
19.634902 2067353
19.63951 2067889
19.644118 2068425
19.648726 2068961
19.653334 2069497
19.657942 2070033
19.66255 2070569
19.667158 2071105
19.671766 2071641
19.676374 2072177
19.680982 2072713
19.68559 2073249
19.690198 2073785
19.694806 2074321
19.699414 2074857
19.704022 2075393
19.70863 2075929
19.713238 2076465
19.717846 2077001
19.722454 2077537
19.727062 2078073
19.73167 2078609
19.736278 2079145
19.740886 2079681
19.745494 2080217
19.750102 2080753
19.75471 2081289
19.759318 2081825
19.763926 2082361
19.768534 2082897
19.773142 2083433
19.77775 2083969
19.782358 2084505
19.786966 2085041
19.791574 2085577
19.796182 2086113
19.80079 2086649
19.805398 2087185
19.810006 2087721
19.814614 2088257
19.819222 2088793
19.82383 2089329
19.828438 2089865
19.833046 2090401
19.837654 2090937
19.842262 2091473
19.84687 2092009
19.851478 2092545
19.856086 2093081
19.860694 2093617
19.865302 2094153
19.86991 2094689
19.874518 2095225
19.879126 2095761
19.883734 2096297
19.888342 2096833
19.89295 2097369
19.897558 2097905
19.902166 2098441
19.906774 2098977
19.911382 2099513
19.91599 2100049
19.920598 2100585
19.925206 2101121
19.929814 2101657
19.934422 2102193
19.93903 2102729
19.943638 2103265
19.948246 2103801
19.952854 2104337
19.957462 2104873
19.96207 2105409
19.966678 2105945
19.971286 2106481
19.975894 2107017
19.980502 2107553
19.98511 2108089
19.989718 2108625
19.994326 2109161
19.998934 2109697
