1.51532 0
1.606216 1
1.610824 1
1.615432 537
1.707723 1073
1.712331 1609
1.716939 2145
1.721547 2681
1.804622 3217
1.80923 3753
1.813838 4289
1.818446 4825
1.823054 5361
1.827662 5897
1.83227 6433
1.836878 6969
1.901522 7505
1.90613 8041
1.910738 8577
1.915346 9113
1.919954 9649
1.924562 10185
1.92917 10721
1.933778 11257
1.938386 11793
1.942994 12329
1.947602 12865
1.95221 13401
1.956818 13937
1.961426 14473
1.966034 15009
1.970642 15545
1.998421 16081
2.003029 16617
2.007637 17153
2.012245 17689
2.016853 18225
2.021461 18761
2.026069 19297
2.030677 19833
2.035285 20369
2.039893 20905
2.044501 21441
2.049109 21977
2.053717 22513
2.058325 23049
2.062933 23585
2.067541 24121
2.072149 24657
2.076757 25193
2.081365 25729
2.085973 26265
2.090581 26801
2.095189 27337
2.099797 27873
2.104405 28409
2.109013 28945
2.113621 29481
2.118229 30017
2.122837 30553
2.127445 31089
2.132053 31625
2.136661 32161
2.141269 32697
2.145877 33233
2.150485 33769
2.155093 34305
2.159701 34841
2.164309 35377
2.168917 35913
2.173525 36449
2.178133 36985
2.182741 37521
2.187349 38057
2.191957 38593
2.196565 39129
2.201173 39665
2.205781 40201
2.210389 40737
2.214997 41273
2.219605 41809
2.224213 42345
2.228821 42881
2.233429 43417
2.238037 43953
2.242645 44489
2.247253 45025
2.251861 45561
2.256469 46097
2.261077 46633
2.265685 47169
2.270293 47705
2.274901 48241
2.279509 48777
2.284117 49313
2.288725 49849
2.293333 50385
2.297941 50921
2.302549 51457
2.307157 51993
2.311765 52529
2.316373 53065
2.320981 53601
2.325589 54137
2.330197 54673
2.334805 55209
2.339413 55745
2.344021 56281
2.348629 56817
2.353237 57353
2.357845 57889
2.362453 58425
2.367061 58961
2.371669 59497
2.376277 60033
2.380885 60569
2.385493 61105
2.390101 61641
2.394709 62177
2.399317 62713
2.403925 63249
2.408533 63785
2.413141 64321
2.417749 64857
2.422357 65393
2.426965 65929
2.431573 66465
2.436181 67001
2.440789 67537
2.445397 68073
2.450005 68609
2.454613 69145
2.459221 69681
2.463829 70217
2.468437 70753
2.473045 71289
2.477653 71825
2.482261 72361
2.486869 72897
2.491477 73433
2.496085 73969
2.500693 75041
2.505301 76113
2.509909 77185
2.514517 78257
2.519125 79329
2.523733 80401
2.528341 81473
2.532949 82545
2.537557 83617
2.542165 84689
2.546773 85761
2.551381 86833
2.555989 87905
2.560597 88977
2.565205 90049
2.569813 91121
2.574421 92193
2.579029 93265
2.583637 94337
2.588245 95409
2.592853 96481
2.597461 97553
2.602069 98625
2.606677 99697
2.611285 100769
2.615893 101841
2.620501 102913
2.625109 103985
2.629717 105057
2.634325 106129
2.638933 106665
2.643541 107201
2.648149 107737
2.652757 108273
2.657365 108809
2.661973 109345
2.666581 109881
2.671189 110417
2.675797 110953
2.680405 111489
2.685013 112025
2.689621 112561
2.694229 113097
2.698837 113633
2.703445 114169
2.708053 114705
2.712661 115241
2.717269 115777
2.721877 116313
2.726485 116849
2.731093 117385
2.735701 117921
2.740309 118457
2.744917 118993
2.749525 119529
2.754133 120065
2.758741 120601
2.763349 121137
2.767957 121673
2.772565 122209
2.777173 122745
2.781781 123281
2.786389 123817
2.790997 124353
2.795605 124889
2.800213 125425
2.804821 125961
2.809429 126497
2.814037 127033
2.818645 127569
2.823253 74505
2.828283 75577
2.832891 76649
2.837499 77721
2.842107 78793
2.846715 79865
2.851323 80937
2.855931 82009
2.860539 83081
2.865147 84153
2.869755 85225
2.874363 86297
2.878971 87369
2.883579 88441
2.888187 89513
2.892795 90585
2.897403 91657
2.902011 92729
2.906619 93801
2.911227 94873
2.915835 95945
2.920443 97017
2.925051 98089
2.929659 99161
2.934267 100233
2.938875 101305
2.943483 102377
2.948091 103449
2.952699 104521
2.957307 105593
2.961915 128105
2.966523 128641
2.971131 129177
2.975739 129713
2.980347 130249
2.984955 130785
2.989563 131321
2.994171 131857
2.998779 132393
3.003387 132929
3.007995 133465
3.012603 134001
3.017211 134537
3.021819 135073
3.026427 135609
3.031035 136145
3.035643 136681
3.040251 137217
3.044859 137753
3.049467 138289
3.054075 138825
3.058683 139361
3.063291 139897
3.067899 140433
3.072507 140969
3.077115 141505
3.081723 142041
3.086331 142577
3.090939 143113
3.095547 143649
3.100155 144185
3.104763 144721
3.109371 145257
3.113979 145793
3.118587 146329
3.123195 146865
3.127803 147401
3.132411 147937
3.137019 148473
3.141627 149009
3.146235 149545
3.150843 150081
3.155451 150617
3.160059 151153
3.164667 151689
3.169275 152225
3.173883 152761
3.178491 153297
3.183099 153833
3.187707 154369
3.192315 154905
3.196923 155441
3.201531 155977
3.206139 156513
3.210747 157049
3.215355 157585
3.219963 158121
3.224571 158657
3.229179 159193
3.233787 159729
3.238395 160265
3.243003 160801
3.247611 161337
3.252219 161873
3.256827 162409
3.261435 162945
3.266043 163481
3.270651 164017
3.275259 164553
3.279867 165089
3.284475 165625
3.289083 166161
3.293691 166697
3.298299 167233
3.302907 167769
3.307515 168305
3.312123 168841
3.316731 169377
3.321339 169913
3.325947 170449
3.330555 170985
3.335163 171521
3.339771 172057
3.344379 172593
3.348987 173129
3.353595 173665
3.358203 174201
3.362811 174737
3.367419 175273
3.372027 175809
3.376635 176345
3.381243 176881
3.385851 177417
3.390459 177953
3.395067 178489
3.399675 179025
3.404283 179561
3.408891 180097
3.413499 180633
3.418107 181169
3.422715 181705
3.427323 182241
3.431931 182777
3.436539 183313
3.441147 183849
3.445755 184385
3.450363 184921
3.454971 185457
3.459579 185993
3.464187 186529
3.468795 187065
3.473403 187601
3.478011 188137
3.482619 188673
3.487227 189209
3.491835 189745
3.496443 190281
3.501051 190817
3.505659 191353
3.510267 191889
3.514875 192425
3.519483 192961
3.524091 193497
3.528699 194033
3.533307 194569
3.537915 195105
3.542523 195641
3.547131 196177
3.551739 196713
3.556347 197249
3.560955 197785
3.565563 198321
3.570171 198857
3.574779 199393
3.579387 199929
3.583995 200465
3.588603 201001
3.593211 201537
3.597819 202073
3.602427 202609
3.607035 203145
3.611643 203681
3.616251 204217
3.620859 204753
3.625467 205289
3.630075 205825
3.634683 206361
3.639291 206897
3.643899 207433
3.648507 207969
3.653115 208505
3.657723 209041
3.662331 209577
3.666939 210113
3.671547 210649
3.676155 211185
3.680763 211721
3.685371 212257
3.689979 212793
3.694587 213329
3.699195 213865
3.703803 214401
3.708411 214937
3.713019 215473
3.717627 216009
3.722235 216545
3.726843 217081
3.731451 217617
3.736059 218153
3.740667 218689
3.745275 219225
3.749883 219761
3.754491 220297
3.759099 220833
3.763707 221369
3.768315 221905
3.772923 222441
3.777531 222977
3.782139 223513
3.786747 224049
3.791355 224585
3.795963 225121
3.800571 225657
3.805179 226193
3.809787 226729
3.814395 227265
3.819003 227801
3.823611 228337
3.828219 228873
3.832827 229409
3.837435 229945
3.842043 230481
3.846651 231017
3.851259 231553
3.855867 232089
3.860475 232625
3.865083 233161
3.869691 233697
3.874299 234233
3.878907 234769
3.883515 235305
3.888123 235841
3.892731 236377
3.897339 236913
3.901947 237449
3.906555 237985
3.911163 238521
3.915771 239057
3.920379 239593
3.924987 240129
3.929595 240665
3.934203 241201
3.938811 241737
3.943419 242273
3.948027 242809
3.952635 243345
3.957243 243881
3.961851 244417
3.966459 244953
3.971067 245489
3.975675 246025
3.980283 246561
3.984891 247097
3.989499 247633
3.994107 248169
3.998715 248705
4.003323 249241
4.007931 249777
4.012539 250313
4.017147 250849
4.021755 251385
4.026363 251921
4.030971 252457
4.035579 252993
4.040187 253529
4.044795 254065
4.049403 254601
4.054011 255137
4.058619 255673
4.063227 256209
4.067835 256745
4.072443 257281
4.077051 257817
4.081659 258353
4.086267 258889
4.090875 259425
4.095483 259961
4.100091 260497
4.104699 261033
4.109307 261569
4.113915 262105
4.118523 262641
4.123131 263177
4.127739 263713
4.132347 264249
4.136955 264785
4.141563 265321
4.146171 265857
4.150779 266393
4.155387 266929
4.159995 267465
4.164603 268001
4.169211 268537
4.173819 269073
4.178427 269609
4.183035 270145
4.187643 270681
4.192251 271217
4.196859 271753
4.201467 272289
4.206075 272825
4.210683 273361
4.215291 273897
4.219899 274433
4.224507 274969
4.229115 275505
4.233723 276041
4.238331 276577
4.242939 277113
4.247547 277649
4.252155 278185
4.256763 278721
4.261371 279257
4.265979 279793
4.270587 280329
4.275195 280865
4.279803 281401
4.284411 281937
4.289019 282473
4.293627 283009
4.298235 283545
4.302843 284081
4.307451 284617
4.312059 285153
4.316667 285689
4.321275 286225
4.325883 286761
4.330491 287297
4.335099 287833
4.339707 288369
4.344315 288905
4.348923 289441
4.353531 289977
4.358139 290513
4.362747 291049
4.367355 291585
4.371963 292121
4.376571 292657
4.381179 293193
4.385787 293729
4.390395 294265
4.395003 294801
4.399611 295337
4.404219 295873
4.408827 296409
4.413435 296945
4.418043 297481
4.422651 298017
4.427259 298553
4.431867 299089
4.436475 299625
4.441083 300161
4.445691 300697
4.450299 301233
4.454907 301769
4.459515 302305
4.464123 302841
4.468731 303377
4.473339 303913
4.477947 304449
4.482555 304985
4.487163 305521
4.491771 306057
4.496379 306593
4.500987 307129
4.505595 307665
4.510203 308201
4.514811 308737
4.519419 309273
4.524027 309809
4.528635 310345
4.533243 310881
4.537851 311417
4.542459 311953
4.547067 312489
4.551675 313025
4.556283 313561
4.560891 314097
4.565499 314633
4.570107 315169
4.574715 315705
4.579323 316241
4.583931 316777
4.588539 317313
4.593147 317849
4.597755 318385
4.602363 318921
4.606971 319457
4.611579 319993
4.616187 320529
4.620795 321065
4.625403 321601
4.630011 322137
4.634619 322673
4.639227 323209
4.643835 323745
4.648443 324281
4.653051 324817
4.657659 325353
4.662267 325889
4.666875 326425
4.671483 326961
4.676091 327497
4.680699 328033
4.685307 328569
4.689915 329105
4.694523 329641
4.699131 330177
4.703739 330713
4.708347 331249
4.712955 331785
4.717563 332321
4.722171 332857
4.726779 333393
4.731387 333929
4.735995 334465
4.740603 335001
4.745211 335537
4.749819 336073
4.754427 336609
4.759035 337145
4.763643 337681
4.768251 338217
4.772859 338753
4.777467 339289
4.782075 339825
4.786683 340361
4.791291 340897
4.795899 341433
4.800507 341969
4.805115 342505
4.809723 343041
4.814331 343577
4.818939 344113
4.823547 344649
4.828155 345185
4.832763 345721
4.837371 346257
4.841979 346793
4.846587 347329
4.851195 347865
4.855803 348401
4.860411 348937
4.865019 349473
4.869627 350009
4.874235 350545
4.878843 351081
4.883451 351617
4.888059 352153
4.892667 352689
4.897275 353225
4.901883 353761
4.906491 354297
4.911099 354833
4.915707 355369
4.920315 355905
4.924923 356441
4.929531 356977
4.934139 357513
4.938747 358049
4.943355 358585
4.947963 359121
4.952571 359657
4.957179 360193
4.961787 360729
4.966395 361265
4.971003 361801
4.975611 362337
4.980219 362873
4.984827 363409
4.989435 363945
4.994043 364481
4.998651 365017
5.003259 365553
5.007867 366089
5.012475 366625
5.017083 367161
5.021691 367697
5.026299 368233
5.030907 368769
5.035515 369305
5.040123 369841
5.044731 370377
5.049339 370913
5.053947 371449
5.058555 371985
5.063163 372521
5.067771 373057
5.072379 373593
5.076987 374129
5.081595 374665
5.086203 375201
5.090811 375737
5.095419 376273
5.100027 376809
5.104635 377345
5.109243 377881
5.113851 378417
5.118459 378953
5.123067 379489
5.127675 380025
5.132283 380561
5.136891 381097
5.141499 381633
5.146107 382169
5.150715 382705
5.155323 383241
5.159931 383777
5.164539 384313
5.169147 384849
5.173755 385385
5.178363 385921
5.182971 386457
5.187579 386993
5.192187 387529
5.196795 388065
5.201403 388601
5.206011 389137
5.210619 389673
5.215227 390209
5.219835 390745
5.224443 391281
5.229051 391817
5.233659 392353
5.238267 392889
5.242875 393425
5.247483 393961
5.252091 394497
5.256699 395033
5.261307 395569
5.265915 396105
5.270523 396641
5.275131 397177
5.279739 397713
5.284347 398249
5.288955 398785
5.293563 399321
5.298171 399857
5.302779 400393
5.307387 400929
5.311995 401465
5.316603 402001
5.321211 402537
5.325819 403073
5.330427 403609
5.335035 404145
5.339643 404681
5.344251 405217
5.348859 405753
5.353467 406289
5.358075 406825
5.362683 407361
5.367291 407897
5.371899 408433
5.376507 408969
5.381115 409505
5.385723 410041
5.390331 410577
5.394939 411113
5.399547 411649
5.404155 412185
5.408763 412721
5.413371 413257
5.417979 413793
5.422587 414329
5.427195 414865
5.431803 415401
5.436411 415937
5.441019 416473
5.445627 417009
5.450235 417545
5.454843 418081
5.459451 418617
5.464059 419153
5.468667 419689
5.473275 420225
5.477883 420761
5.482491 421297
5.487099 421833
5.491707 422369
5.496315 422905
5.500923 423441
5.505531 423977
5.510139 424513
5.514747 425049
5.519355 425585
5.523963 426121
5.528571 426657
5.533179 427193
5.537787 427729
5.542395 428265
5.547003 428801
5.551611 429337
5.556219 429873
5.560827 430409
5.565435 430945
5.570043 431481
5.574651 432017
5.579259 432553
5.583867 433089
5.588475 433625
5.593083 434161
5.597691 434697
5.602299 435233
5.606907 435769
5.611515 436305
5.616123 436841
5.620731 437377
5.625339 437913
5.629947 438449
5.634555 438985
5.639163 439521
5.643771 440057
5.648379 440593
5.652987 441129
5.657595 441665
5.662203 442201
5.666811 442737
5.671419 443273
5.676027 443809
5.680635 444345
5.685243 444881
5.689851 445417
5.694459 445953
5.699067 446489
5.703675 447025
5.708283 447561
5.712891 448097
5.717499 448633
5.722107 449169
5.726715 449705
5.731323 450241
5.735931 450777
5.740539 451313
5.745147 451849
5.749755 452385
5.754363 452921
5.758971 453457
5.763579 453993
5.768187 454529
5.772795 455065
5.777403 455601
5.782011 456137
5.786619 456673
5.791227 457209
5.795835 457745
5.800443 458281
5.805051 458817
5.809659 459353
5.814267 459889
5.818875 460425
5.823483 460961
5.828091 461497
5.832699 462033
5.837307 462569
5.841915 463105
5.846523 463641
5.851131 464177
5.855739 464713
5.860347 465249
5.864955 465785
5.869563 466321
5.874171 466857
5.878779 467393
5.883387 467929
5.887995 468465
5.892603 469001
5.897211 469537
5.901819 470073
5.906427 470609
5.911035 471145
5.915643 471681
5.920251 472217
5.924859 472753
5.929467 473289
5.934075 473825
5.938683 474361
5.943291 474897
5.947899 475433
5.952507 475969
5.957115 476505
5.961723 477041
5.966331 477577
5.970939 478113
5.975547 478649
5.980155 479185
5.984763 479721
5.989371 480257
5.993979 480793
5.998587 481329
6.003195 481865
6.007803 482401
6.012411 482937
6.017019 483473
6.021627 484009
6.026235 484545
6.030843 485081
6.035451 485617
6.040059 486153
6.044667 486689
6.049275 487225
6.053883 487761
6.058491 488297
6.063099 488833
6.067707 489369
6.072315 489905
6.076923 490441
6.081531 490977
6.086139 491513
6.090747 492049
6.095355 492585
6.099963 493121
6.104571 493657
6.109179 494193
6.113787 494729
6.118395 495265
6.123003 495801
6.127611 496337
6.132219 496873
6.136827 497409
6.141435 497945
6.146043 498481
6.150651 499017
6.155259 499553
6.159867 500089
6.164475 500625
6.169083 501161
6.173691 501697
6.178299 502233
6.182907 502769
6.187515 503305
6.192123 503841
6.196731 504377
6.201339 504913
6.205947 505449
6.210555 505985
6.215163 506521
6.219771 507057
6.224379 507593
6.228987 508129
6.233595 508665
6.238203 509201
6.242811 509737
6.247419 510273
6.252027 510809
6.256635 511345
6.261243 511881
6.265851 512417
6.270459 512953
6.275067 513489
6.279675 514025
6.284283 514561
6.288891 515097
6.293499 515633
6.298107 516169
6.302715 516705
6.307323 517241
6.311931 517777
6.316539 518313
6.321147 518849
6.325755 519385
6.330363 519921
6.334971 520457
6.339579 520993
6.344187 521529
6.348795 522065
6.353403 522601
6.358011 523137
6.362619 523673
6.367227 524209
6.371835 524745
6.376443 525281
6.381051 525817
6.385659 526353
6.390267 526889
6.394875 527425
6.399483 527961
6.404091 528497
6.408699 529033
6.413307 529569
6.417915 530105
6.422523 530641
6.427131 531177
6.431739 531713
6.436347 532249
6.440955 532785
6.445563 533321
6.450171 533857
6.454779 534393
6.459387 534929
6.463995 535465
6.468603 536001
6.473211 536537
6.477819 537073
6.482427 537609
6.487035 538145
6.491643 538681
6.496251 539217
6.500859 539753
6.505467 540289
6.510075 540825
6.514683 541361
6.519291 541897
6.523899 542433
6.528507 542969
6.533115 543505
6.537723 544041
6.542331 544577
6.546939 545113
6.551547 545649
6.556155 546185
6.560763 546721
6.565371 547257
6.569979 547793
6.574587 548329
6.579195 548865
6.583803 549401
6.588411 549937
6.593019 550473
6.597627 551009
6.602235 551545
6.606843 552081
6.611451 552617
6.616059 553153
6.620667 553689
6.625275 554225
6.629883 554761
6.634491 555297
6.639099 555833
6.643707 556369
6.648315 556905
6.652923 557441
6.657531 557977
6.662139 558513
6.666747 559049
6.671355 559585
6.675963 560121
6.680571 560657
6.685179 561193
6.689787 561729
6.694395 562265
6.699003 562801
6.703611 563337
6.708219 563873
6.712827 564409
6.717435 564945
6.722043 565481
6.726651 566017
6.731259 566553
6.735867 567089
6.740475 567625
6.745083 568161
6.749691 568697
6.754299 569233
6.758907 569769
6.763515 570305
6.768123 570841
6.772731 571377
6.777339 571913
6.781947 572449
6.786555 572985
6.791163 573521
6.795771 574057
6.800379 574593
6.804987 575129
6.809595 575665
6.814203 576201
6.818811 576737
6.823419 577273
6.828027 577809
6.832635 578345
6.837243 578881
6.841851 579417
6.846459 579953
6.851067 580489
6.855675 581025
6.860283 581561
6.864891 582097
6.869499 582633
6.874107 583169
6.878715 583705
6.883323 584241
6.887931 584777
6.892539 585313
6.897147 585849
6.901755 586385
6.906363 586921
6.910971 587457
6.915579 587993
6.920187 588529
6.924795 589065
6.929403 589601
6.934011 590137
6.938619 590673
6.943227 591209
6.947835 591745
6.952443 592281
6.957051 592817
6.961659 593353
6.966267 593889
6.970875 594425
6.975483 594961
6.980091 595497
6.984699 596033
6.989307 596569
6.993915 597105
6.998523 597641
7.003131 598177
7.007739 598713
7.012347 599249
7.016955 599785
7.021563 600321
7.026171 600857
7.030779 601393
7.035387 601929
7.039995 602465
7.044603 603001
7.049211 603537
7.053819 604073
7.058427 604609
7.063035 605145
7.067643 605681
7.072251 606217
7.076859 606753
7.081467 607289
7.086075 607825
7.090683 608361
7.095291 608897
7.099899 609433
7.104507 609969
7.109115 610505
7.113723 611041
7.118331 611577
7.122939 612113
7.127547 612649
7.132155 613185
7.136763 613721
7.141371 614257
7.145979 614793
7.150587 615329
7.155195 615865
7.159803 616401
7.164411 616937
7.169019 617473
7.173627 618009
7.178235 618545
7.182843 619081
7.187451 619617
7.192059 620153
7.196667 620689
7.201275 621225
7.205883 621761
7.210491 622297
7.215099 622833
7.219707 623369
7.224315 623905
7.228923 624441
7.233531 624977
7.238139 625513
7.242747 626049
7.247355 626585
7.251963 627121
7.256571 627657
7.261179 628193
7.265787 628729
7.270395 629265
7.275003 629801
7.279611 630337
7.284219 630873
7.288827 631409
7.293435 631945
7.298043 632481
7.302651 633017
7.307259 633553
7.311867 634089
7.316475 634625
7.321083 635161
7.325691 635697
7.330299 636233
7.334907 636769
7.339515 637305
7.344123 637841
7.348731 638377
7.353339 638913
7.357947 639449
7.362555 639985
7.367163 640521
7.371771 641057
7.376379 641593
7.380987 642129
7.385595 642665
7.390203 643201
7.394811 643737
7.399419 644273
7.404027 644809
7.408635 645345
7.413243 645881
7.417851 646417
7.422459 646953
7.427067 647489
7.431675 648025
7.436283 648561
7.440891 649097
7.445499 649633
7.450107 650169
7.454715 650705
7.459323 651241
7.463931 651777
7.468539 652313
7.473147 652849
7.477755 653385
7.482363 653921
7.486971 654457
7.491579 654993
7.496187 655529
7.500795 656065
7.505403 656601
7.510011 657137
7.514619 657673
7.519227 658209
7.523835 658745
7.528443 659281
7.533051 659817
7.537659 660353
7.542267 660889
7.546875 661425
7.551483 661961
7.556091 662497
7.560699 663033
7.565307 663569
7.569915 664105
7.574523 664641
7.579131 665177
7.583739 665713
7.588347 666249
7.592955 666785
7.597563 667321
7.602171 667857
7.606779 668393
7.611387 668929
7.615995 669465
7.620603 670001
7.625211 670537
7.629819 671073
7.634427 671609
7.639035 672145
7.643643 672681
7.648251 673217
7.652859 673753
7.657467 674289
7.662075 674825
7.666683 675361
7.671291 675897
7.675899 676433
7.680507 676969
7.685115 677505
7.689723 678041
7.694331 678577
7.698939 679113
7.703547 679649
7.708155 680185
7.712763 680721
7.717371 681257
7.721979 681793
7.726587 682329
7.731195 682865
7.735803 683401
7.740411 683937
7.745019 684473
7.749627 685009
7.754235 685545
7.758843 686081
7.763451 686617
7.768059 687153
7.772667 687689
7.777275 688225
7.781883 688761
7.786491 689297
7.791099 689833
7.795707 690369
7.800315 690905
7.804923 691441
7.809531 691977
7.814139 692513
7.818747 693049
7.823355 693585
7.827963 694121
7.832571 694657
7.837179 695193
7.841787 695729
7.846395 696265
7.851003 696801
7.855611 697337
7.860219 697873
7.864827 698409
7.869435 698945
7.874043 699481
7.878651 700017
7.883259 700553
7.887867 701089
7.892475 701625
7.897083 702161
7.901691 702697
7.906299 703233
7.910907 703769
7.915515 704305
7.920123 704841
7.924731 705377
7.929339 705913
7.933947 706449
7.938555 706985
7.943163 707521
7.947771 708057
7.952379 708593
7.956987 709129
7.961595 709665
7.966203 710201
7.970811 710737
7.975419 711273
7.980027 711809
7.984635 712345
7.989243 712881
7.993851 713417
7.998459 713953
8.003067 714489
8.007675 715025
8.012283 715561
8.016891 716097
8.021499 716633
8.026107 717169
8.030715 717705
8.035323 718241
8.039931 718777
8.044539 719313
8.049147 719849
8.053755 720385
8.058363 720921
8.062971 721457
8.067579 721993
8.072187 722529
8.076795 723065
8.081403 723601
8.086011 724137
8.090619 724673
8.095227 725209
8.099835 725745
8.104443 726281
8.109051 726817
8.113659 727353
8.118267 727889
8.122875 728425
8.127483 728961
8.132091 729497
8.136699 730033
8.141307 730569
8.145915 731105
8.150523 731641
8.155131 732177
8.159739 732713
8.164347 733249
8.168955 733785
8.173563 734321
8.178171 734857
8.182779 735393
8.187387 735929
8.191995 736465
8.196603 737001
8.201211 737537
8.205819 738073
8.210427 738609
8.215035 739145
8.219643 739681
8.224251 740217
8.228859 740753
8.233467 741289
8.238075 741825
8.242683 742361
8.247291 742897
8.251899 743433
8.256507 743969
8.261115 744505
8.265723 745041
8.270331 745577
8.274939 746113
8.279547 746649
8.284155 747185
8.288763 747721
8.293371 748257
8.297979 748793
8.302587 749329
8.307195 749865
8.311803 750401
8.316411 750937
8.321019 751473
8.325627 752009
8.330235 752545
8.334843 753081
8.339451 753617
8.344059 754153
8.348667 754689
8.353275 755225
8.357883 755761
8.362491 756297
8.367099 756833
8.371707 757369
8.376315 757905
8.380923 758441
8.385531 758977
8.390139 759513
8.394747 760049
8.399355 760585
8.403963 761121
8.408571 761657
8.413179 762193
8.417787 762729
8.422395 763265
8.427003 763801
8.431611 764337
8.436219 764873
8.440827 765409
8.445435 765945
8.450043 766481
8.454651 767017
8.459259 767553
8.463867 768089
8.468475 768625
8.473083 769161
8.477691 769697
8.482299 770233
8.486907 770769
8.491515 771305
8.496123 771841
8.500731 772377
8.505339 772913
8.509947 773449
8.514555 773985
8.519163 774521
8.523771 775057
8.528379 775593
8.532987 776129
8.537595 776665
8.542203 777201
8.546811 777737
8.551419 778273
8.556027 778809
8.560635 779345
8.565243 779881
8.569851 780417
8.574459 780953
8.579067 781489
8.583675 782025
8.588283 782561
8.592891 783097
8.597499 783633
8.602107 784169
8.606715 784705
8.611323 785241
8.615931 785777
8.620539 786313
8.625147 786849
8.629755 787385
8.634363 787921
8.638971 788457
8.643579 788993
8.648187 789529
8.652795 790065
8.657403 790601
8.662011 791137
8.666619 791673
8.671227 792209
8.675835 792745
8.680443 793281
8.685051 793817
8.689659 794353
8.694267 794889
8.698875 795425
8.703483 795961
8.708091 796497
8.712699 797033
8.717307 797569
8.721915 798105
8.726523 798641
8.731131 799177
8.735739 799713
8.740347 800249
8.744955 800785
8.749563 801321
8.754171 801857
8.758779 802393
8.763387 802929
8.767995 803465
8.772603 804001
8.777211 804537
8.781819 805073
8.786427 805609
8.791035 806145
8.795643 806681
8.800251 807217
8.804859 807753
8.809467 808289
8.814075 808825
8.818683 809361
8.823291 809897
8.827899 810433
8.832507 810969
8.837115 811505
8.841723 812041
8.846331 812577
8.850939 813113
8.855547 813649
8.860155 814185
8.864763 814721
8.869371 815257
8.873979 815793
8.878587 816329
8.883195 816865
8.887803 817401
8.892411 817937
8.897019 818473
8.901627 819009
8.906235 819545
8.910843 820081
8.915451 820617
8.920059 821153
8.924667 821689
8.929275 822225
8.933883 822761
8.938491 823297
8.943099 823833
8.947707 824369
8.952315 824905
8.956923 825441
8.961531 825977
8.966139 826513
8.970747 827049
8.975355 827585
8.979963 828121
8.984571 828657
8.989179 829193
8.993787 829729
8.998395 830265
9.003003 830801
9.007611 831337
9.012219 831873
9.016827 832409
9.021435 832945
9.026043 833481
9.030651 834017
9.035259 834553
9.039867 835089
9.044475 835625
9.049083 836161
9.053691 836697
9.058299 837233
9.062907 837769
9.067515 838305
9.072123 838841
9.076731 839377
9.081339 839913
9.085947 840449
9.090555 840985
9.095163 841521
9.099771 842057
9.104379 842593
9.108987 843129
9.113595 843665
9.118203 844201
9.122811 844737
9.127419 845273
9.132027 845809
9.136635 846881
9.141243 847417
9.145851 847953
9.150459 848489
9.155067 849025
9.159675 849561
9.164283 850097
9.168891 850633
9.173499 851169
9.178107 851705
9.182715 852241
9.187323 852777
9.191931 853313
9.196539 853849
9.201147 854385
9.205755 854921
9.210363 855457
9.214971 855993
9.219579 856529
9.224187 857065
9.228795 857601
9.233403 858137
9.238011 858673
9.242619 859209
9.247227 859745
9.251835 860281
9.256443 860817
9.261051 861353
9.265659 861889
9.270267 862425
9.274875 862961
9.279483 863497
9.284091 864033
9.288699 864569
9.293307 865105
9.297915 865641
9.302523 866177
9.307131 866713
9.311739 867249
9.316347 867785
9.320955 868321
9.325563 868857
9.330171 869393
9.334779 869929
9.339387 870465
9.343995 871001
9.348603 871537
9.353211 872073
9.357819 872609
9.362427 873145
9.367035 873681
9.371643 874217
9.376251 874753
9.380859 875289
9.385467 875825
9.390075 876361
9.394683 876897
9.399291 877433
9.403899 877969
9.408507 878505
9.413115 879041
9.417723 879577
9.422331 880113
9.426939 880649
9.431547 881185
9.436155 881721
9.440763 882257
9.445371 882793
9.449979 883329
9.454587 883865
9.459195 846345
9.463803 884401
9.468411 884937
9.473019 885473
9.477627 886009
9.482235 886545
9.486843 887081
9.491451 887617
9.496059 888153
9.500667 888689
9.505275 889225
9.509883 889761
9.514491 890297
9.519099 890833
9.523707 891369
9.528315 891905
9.532923 892441
9.537531 892977
9.542139 893513
9.546747 894049
9.551355 894585
9.555963 895121
9.560571 895657
9.565179 896193
9.569787 896729
9.574395 897265
9.579003 897801
9.583611 898337
9.588219 898873
9.592827 899409
9.597435 899945
9.602043 900481
9.606651 901017
9.611259 901553
9.615867 902089
9.620475 902625
9.625083 903161
9.629691 903697
9.634299 904233
9.638907 904769
9.643515 905305
9.648123 905841
9.652731 906377
9.657339 906913
9.661947 907449
9.666555 907985
9.671163 908521
9.675771 909057
9.680379 909593
9.684987 910129
9.689595 910665
9.694203 911201
9.698811 911737
9.703419 912273
9.708027 912809
9.712635 913345
9.717243 913881
9.721851 914417
9.726459 914953
9.731067 915489
9.735675 916025
9.740283 916561
9.744891 917097
9.749499 917633
9.754107 918169
9.758715 918705
9.763323 919241
9.767931 919777
9.772539 920313
9.777147 920849
9.781755 921385
9.786363 921921
9.790971 922457
9.795579 922993
9.800187 923529
9.804795 924065
9.809403 924601
9.814011 925137
9.818619 925673
9.823227 926209
9.827835 926745
9.832443 927281
9.837051 927817
9.841659 928353
9.846267 928889
9.850875 929425
9.855483 929961
9.860091 930497
9.864699 931033
9.869307 931569
9.873915 932105
9.878523 932641
9.883131 933177
9.887739 933713
9.892347 934249
9.896955 934785
9.901563 935321
9.906171 935857
9.910779 936393
9.915387 936929
9.919995 937465
9.924603 938001
9.929211 938537
9.933819 939073
9.938427 939609
9.943035 940145
9.947643 940681
9.952251 941217
9.956859 941753
9.961467 942289
9.966075 942825
9.970683 943361
9.975291 943897
9.979899 944433
9.984507 944969
9.989115 945505
9.993723 946041
9.998331 946577
10.002939 947113
10.007547 947649
10.012155 948185
10.016763 948721
10.021371 949257
10.025979 949793
10.030587 950329
10.035195 950865
10.039803 951401
10.044411 951937
10.049019 952473
10.053627 953009
10.058235 953545
10.062843 954081
10.067451 954617
10.072059 955153
10.076667 955689
10.081275 956225
10.085883 956761
10.090491 957297
10.095099 957833
10.099707 958369
10.104315 958905
10.108923 959441
10.113531 959977
10.118139 960513
10.122747 961049
10.127355 961585
10.131963 962121
10.136571 962657
10.141179 963193
10.145787 963729
10.150395 964265
10.155003 964801
10.159611 965337
10.164219 965873
10.168827 966409
10.173435 966945
10.178043 967481
10.182651 968017
10.187259 968553
10.191867 969089
10.196475 969625
10.201083 970161
10.205691 970697
10.210299 971233
10.214907 971769
10.219515 972305
10.224123 972841
10.228731 973377
10.233339 973913
10.237947 974449
10.242555 974985
10.247163 975521
10.251771 976057
10.256379 976593
10.260987 977129
10.265595 977665
10.270203 978201
10.274811 978737
10.279419 979273
10.284027 979809
10.288635 980345
10.293243 980881
10.297851 981417
10.302459 981953
10.307067 982489
10.311675 983025
10.316283 983561
10.320891 984097
10.325499 984633
10.330107 985169
10.334715 985705
10.339323 986241
10.343931 986777
10.348539 987313
10.353147 987849
10.357755 988385
10.362363 988921
10.366971 989457
10.371579 989993
10.376187 990529
10.380795 991065
10.385403 991601
10.390011 992137
10.394619 992673
10.399227 993209
10.403835 993745
10.408443 994281
10.413051 994817
10.417659 995353
10.422267 995889
10.426875 996425
10.431483 996961
10.436091 997497
10.440699 998033
10.445307 998569
10.449915 999105
10.454523 999641
10.459131 1000177
10.463739 1000713
10.468347 1001249
10.472955 1001785
10.477563 1002321
10.482171 1002857
10.486779 1003393
10.491387 1003929
10.495995 1004465
10.500603 1005001
10.505211 1005537
10.509819 1006073
10.514427 1006609
10.519035 1007145
10.523643 1007681
10.528251 1008217
10.532859 1008753
10.537467 1009289
10.542075 1009825
10.546683 1010361
10.551291 1010897
10.555899 1011433
10.560507 1011969
10.565115 1012505
10.569723 1013041
10.574331 1013577
10.578939 1014113
10.583547 1014649
10.588155 1015185
10.592763 1015721
10.597371 1016257
10.601979 1016793
10.606587 1017329
10.611195 1017865
10.615803 1018401
10.620411 1018937
10.625019 1019473
10.629627 1020009
10.634235 1020545
10.638843 1021081
10.643451 1021617
10.648059 1022153
10.652667 1022689
10.657275 1023225
10.661883 1023761
10.666491 1024297
10.671099 1024833
10.675707 1025369
10.680315 1025905
10.684923 1026441
10.689531 1026977
10.694139 1027513
10.698747 1028049
10.703355 1028585
10.707963 1029121
10.712571 1029657
10.717179 1030193
10.721787 1030729
10.726395 1031265
10.731003 1031801
10.735611 1032337
10.740219 1032873
10.744827 1033409
10.749435 1033945
10.754043 1034481
10.758651 1035017
10.763259 1035553
10.767867 1036089
10.772475 1036625
10.777083 1037161
10.781691 1037697
10.786299 1038233
10.790907 1038769
10.795515 1039305
10.800123 1039841
10.804731 1040377
10.809339 1040913
10.813947 1041449
10.818555 1041985
10.823163 1042521
10.827771 1043057
10.832379 1043593
10.836987 1044129
10.841595 1044665
10.846203 1045201
10.850811 1045737
10.855419 1046273
10.860027 1046809
10.864635 1047345
10.869243 1047881
10.873851 1048417
10.878459 1048953
10.883067 1049489
10.887675 1050025
10.892283 1050561
10.896891 1051097
10.901499 1051633
10.906107 1052169
10.910715 1052705
10.915323 1053241
10.919931 1053777
10.924539 1054313
10.929147 1054849
10.933755 1055385
10.938363 1055921
10.942971 1056457
10.947579 1056993
10.952187 1057529
10.956795 1058065
10.961403 1058601
10.966011 1059137
10.970619 1059673
10.975227 1060209
10.979835 1060745
10.984443 1061281
10.989051 1061817
10.993659 1062353
10.998267 1062889
11.002875 1063425
11.007483 1063961
11.012091 1064497
11.016699 1065033
11.021307 1065569
11.025915 1066105
11.030523 1066641
11.035131 1067177
11.039739 1067713
11.044347 1068249
11.048955 1068785
11.053563 1069321
11.058171 1069857
11.062779 1070393
11.067387 1070929
11.071995 1071465
11.076603 1072001
11.081211 1072537
11.085819 1073073
11.090427 1073609
11.095035 1074145
11.099643 1074681
11.104251 1075217
11.108859 1075753
11.113467 1076289
11.118075 1076825
11.122683 1077361
11.127291 1077897
11.131899 1078433
11.136507 1078969
11.141115 1079505
11.145723 1080041
11.150331 1080577
11.154939 1081113
11.159547 1081649
11.164155 1082185
11.168763 1082721
11.173371 1083257
11.177979 1083793
11.182587 1084329
11.187195 1084865
11.191803 1085401
11.196411 1085937
11.201019 1086473
11.205627 1087009
11.210235 1087545
11.214843 1088081
11.219451 1088617
11.224059 1089153
11.228667 1089689
11.233275 1090225
11.237883 1090761
11.242491 1091297
11.247099 1091833
11.251707 1092369
11.256315 1092905
11.260923 1093441
11.265531 1093977
11.270139 1094513
11.274747 1095049
11.279355 1095585
11.283963 1096121
11.288571 1096657
11.293179 1097193
11.297787 1097729
11.302395 1098265
11.307003 1098801
11.311611 1099337
11.316219 1099873
11.320827 1100409
11.325435 1100945
11.330043 1101481
11.334651 1102017
11.339259 1102553
11.343867 1103089
11.348475 1103625
11.353083 1104161
11.357691 1104697
11.362299 1105233
11.366907 1105769
11.371515 1106305
11.376123 1106841
11.380731 1107377
11.385339 1107913
11.389947 1108449
11.394555 1108985
11.399163 1109521
11.403771 1110057
11.408379 1110593
11.412987 1111129
11.417595 1111665
11.422203 1112201
11.426811 1112737
11.431419 1113273
11.436027 1113809
11.440635 1114345
11.445243 1114881
11.449851 1115417
11.454459 1115953
11.459067 1116489
11.463675 1117025
11.468283 1117561
11.472891 1118097
11.477499 1118633
11.482107 1119169
11.486715 1119705
11.491323 1120241
11.495931 1120777
11.500539 1121313
11.505147 1121849
11.509755 1122385
11.514363 1122921
11.518971 1123457
11.523579 1123993
11.528187 1124529
11.532795 1125065
11.537403 1125601
11.542011 1126137
11.546619 1126673
11.551227 1127209
11.555835 1127745
11.560443 1128281
11.565051 1128817
11.569659 1129353
11.574267 1129889
11.578875 1130425
11.583483 1130961
11.588091 1131497
11.592699 1132033
11.597307 1132569
11.601915 1133105
11.606523 1133641
11.611131 1134177
11.615739 1134713
11.620347 1135249
11.624955 1135785
11.629563 1136321
11.634171 1136857
11.638779 1137393
11.643387 1137929
11.647995 1138465
11.652603 1139001
11.657211 1139537
11.661819 1140073
11.666427 1140609
11.671035 1141145
11.675643 1141681
11.680251 1142217
11.684859 1142753
11.689467 1143289
11.694075 1143825
11.698683 1144361
11.703291 1144897
11.707899 1145433
11.712507 1145969
11.717115 1146505
11.721723 1147041
11.726331 1147577
11.730939 1148113
11.735547 1148649
11.740155 1149185
11.744763 1149721
11.749371 1150257
11.753979 1150793
11.758587 1151329
11.763195 1151865
11.767803 1152401
11.772411 1152937
11.777019 1153473
11.781627 1154009
11.786235 1154545
11.790843 1155081
11.795451 1155617
11.800059 1156153
11.804667 1156689
11.809275 1157225
11.813883 1157761
11.818491 1158297
11.823099 1158833
11.827707 1159369
11.832315 1159905
11.836923 1160441
11.841531 1160977
11.846139 1161513
11.850747 1162049
11.855355 1162585
11.859963 1163121
11.864571 1163657
11.869179 1164193
11.873787 1164729
11.878395 1165265
11.883003 1165801
11.887611 1166337
11.892219 1166873
11.896827 1167409
11.901435 1167945
11.906043 1168481
11.910651 1169017
11.915259 1169553
11.919867 1170089
11.924475 1170625
11.929083 1171161
11.933691 1171697
11.938299 1172233
11.942907 1172769
11.947515 1173305
11.952123 1173841
11.956731 1174377
11.961339 1174913
11.965947 1175449
11.970555 1175985
11.975163 1176521
11.979771 1177057
11.984379 1177593
11.988987 1178129
11.993595 1178665
11.998203 1179201
12.002811 1179737
12.007419 1180273
12.012027 1180809
12.016635 1181345
12.021243 1181881
12.025851 1182417
12.030459 1182953
12.035067 1183489
12.039675 1184025
12.044283 1184561
12.048891 1185097
12.053499 1185633
12.058107 1186169
12.062715 1186705
12.067323 1187241
12.071931 1187777
12.076539 1188313
12.081147 1188849
12.085755 1189385
12.090363 1189921
12.094971 1190457
12.099579 1190993
12.104187 1191529
12.108795 1192065
12.113403 1192601
12.118011 1193137
12.122619 1193673
12.127227 1194209
12.131835 1194745
12.136443 1195281
12.141051 1195817
12.145659 1196353
12.150267 1196889
12.154875 1197425
12.159483 1197961
12.164091 1198497
12.168699 1199033
12.173307 1199569
12.177915 1200105
12.182523 1200641
12.187131 1201177
12.191739 1201713
12.196347 1202249
12.200955 1202785
12.205563 1203321
12.210171 1203857
12.214779 1204393
12.219387 1204929
12.223995 1205465
12.228603 1206001
12.233211 1206537
12.237819 1207073
12.242427 1207609
12.247035 1208145
12.251643 1208681
12.256251 1209217
12.260859 1209753
12.265467 1210289
12.270075 1210825
12.274683 1211361
12.279291 1211897
12.283899 1212433
12.288507 1212969
12.293115 1213505
12.297723 1214041
12.302331 1214577
12.306939 1215113
12.311547 1215649
12.316155 1216185
12.320763 1216721
12.325371 1217257
12.329979 1217793
12.334587 1218329
12.339195 1218865
12.343803 1219401
12.348411 1219937
12.353019 1220473
12.357627 1221009
12.362235 1221545
12.366843 1222081
12.371451 1222617
12.376059 1223153
12.380667 1223689
12.385275 1224225
12.389883 1224761
12.394491 1225297
12.399099 1225833
12.403707 1226369
12.408315 1226905
12.412923 1227441
12.417531 1227977
12.422139 1228513
12.426747 1229049
12.431355 1229585
12.435963 1230121
12.440571 1230657
12.445179 1231193
12.449787 1231729
12.454395 1232265
12.459003 1232801
12.463611 1233337
12.468219 1233873
12.472827 1234409
12.477435 1234945
12.482043 1235481
12.486651 1236017
12.491259 1236553
12.495867 1237089
12.500475 1237625
12.505083 1238161
12.509691 1238697
12.514299 1239233
12.518907 1239769
12.523515 1240305
12.528123 1240841
12.532731 1241377
12.537339 1241913
12.541947 1242449
12.546555 1242985
12.551163 1243521
12.555771 1244057
12.560379 1244593
12.564987 1245129
12.569595 1245665
12.574203 1246201
12.578811 1246737
12.583419 1247273
12.588027 1247809
12.592635 1248345
12.597243 1248881
12.601851 1249417
12.606459 1249953
12.611067 1250489
12.615675 1251025
12.620283 1251561
12.624891 1252097
12.629499 1252633
12.634107 1253169
12.638715 1253705
12.643323 1254241
12.647931 1254777
12.652539 1255313
12.657147 1255849
12.661755 1256385
12.666363 1256921
12.670971 1257457
12.675579 1257993
12.680187 1258529
12.684795 1259065
12.689403 1259601
12.694011 1260137
12.698619 1260673
12.703227 1261209
12.707835 1261745
12.712443 1262281
12.717051 1262817
12.721659 1263353
12.726267 1263889
12.730875 1264425
12.735483 1264961
12.740091 1265497
12.744699 1266033
12.749307 1266569
12.753915 1267105
12.758523 1267641
12.763131 1268177
12.767739 1268713
12.772347 1269249
12.776955 1269785
12.781563 1270321
12.786171 1270857
12.790779 1271393
12.795387 1271929
12.799995 1272465
12.804603 1273001
12.809211 1273537
12.813819 1274073
12.818427 1274609
12.823035 1275145
12.827643 1275681
12.832251 1276217
12.836859 1276753
12.841467 1277289
12.846075 1277825
12.850683 1278361
12.855291 1278897
12.859899 1279433
12.864507 1279969
12.869115 1280505
12.873723 1281041
12.878331 1281577
12.882939 1282113
12.887547 1282649
12.892155 1283185
12.896763 1283721
12.901371 1284257
12.905979 1284793
12.910587 1285329
12.915195 1285865
12.919803 1286401
12.924411 1286937
12.929019 1287473
12.933627 1288009
12.938235 1288545
12.942843 1289081
12.947451 1289617
12.952059 1290153
12.956667 1290689
12.961275 1291225
12.965883 1291761
12.970491 1292297
12.975099 1292833
12.979707 1293369
12.984315 1293905
12.988923 1294441
12.993531 1294977
12.998139 1295513
13.002747 1296049
13.007355 1296585
13.011963 1297121
13.016571 1297657
13.021179 1298193
13.025787 1298729
13.030395 1299265
13.035003 1299801
13.039611 1300337
13.044219 1300873
13.048827 1301409
13.053435 1301945
13.058043 1302481
13.062651 1303017
13.067259 1303553
13.071867 1304089
13.076475 1304625
13.081083 1305161
13.085691 1305697
13.090299 1306233
13.094907 1306769
13.099515 1307305
13.104123 1307841
13.108731 1308377
13.113339 1308913
13.117947 1309449
13.122555 1309985
13.127163 1310521
13.131771 1311057
13.136379 1311593
13.140987 1312129
13.145595 1312665
13.150203 1313201
13.154811 1313737
13.159419 1314273
13.164027 1314809
13.168635 1315345
13.173243 1315881
13.177851 1316417
13.182459 1316953
13.187067 1317489
13.191675 1318025
13.196283 1318561
13.200891 1319097
13.205499 1319633
13.210107 1320169
13.214715 1320705
13.219323 1321241
13.223931 1321777
13.228539 1322313
13.233147 1322849
13.237755 1323385
13.242363 1323921
13.246971 1324457
13.251579 1324993
13.256187 1325529
13.260795 1326065
13.265403 1326601
13.270011 1327137
13.274619 1327673
13.279227 1328209
13.283835 1328745
13.288443 1329281
13.293051 1329817
13.297659 1330353
13.302267 1330889
13.306875 1331425
13.311483 1331961
13.316091 1332497
13.320699 1333033
13.325307 1333569
13.329915 1334105
13.334523 1334641
13.339131 1335177
13.343739 1335713
13.348347 1336249
13.352955 1336785
13.357563 1337321
13.362171 1337857
13.366779 1338393
13.371387 1338929
13.375995 1339465
13.380603 1340001
13.385211 1340537
13.389819 1341073
13.394427 1341609
13.399035 1342145
13.403643 1342681
13.408251 1343217
13.412859 1343753
13.417467 1344289
13.422075 1344825
13.426683 1345361
13.431291 1345897
13.435899 1346433
13.440507 1346969
13.445115 1347505
13.449723 1348041
13.454331 1348577
13.458939 1349113
13.463547 1349649
13.468155 1350185
13.472763 1350721
13.477371 1351257
13.481979 1351793
13.486587 1352329
13.491195 1352865
13.495803 1353401
13.500411 1353937
13.505019 1354473
13.509627 1355009
13.514235 1355545
13.518843 1356081
13.523451 1356617
13.528059 1357153
13.532667 1357689
13.537275 1358225
13.541883 1358761
13.546491 1359297
13.551099 1359833
13.555707 1360369
13.560315 1360905
13.564923 1361441
13.569531 1361977
13.574139 1362513
13.578747 1363049
13.583355 1363585
13.587963 1364121
13.592571 1364657
13.597179 1365193
13.601787 1365729
13.606395 1366265
13.611003 1366801
13.615611 1367337
13.620219 1367873
13.624827 1368409
13.629435 1368945
13.634043 1369481
13.638651 1370017
13.643259 1370553
13.647867 1371089
13.652475 1371625
13.657083 1372161
13.661691 1372697
13.666299 1373233
13.670907 1373769
13.675515 1374305
13.680123 1374841
13.684731 1375377
13.689339 1375913
13.693947 1376449
13.698555 1376985
13.703163 1377521
13.707771 1378057
13.712379 1378593
13.716987 1379129
13.721595 1379665
13.726203 1380201
13.730811 1380737
13.735419 1381273
13.740027 1381809
13.744635 1382345
13.749243 1382881
13.753851 1383417
13.758459 1383953
13.763067 1384489
13.767675 1385025
13.772283 1385561
13.776891 1386097
13.781499 1386633
13.786107 1387169
13.790715 1387705
13.795323 1388241
13.799931 1388777
13.804539 1389313
13.809147 1389849
13.813755 1390385
13.818363 1390921
13.822971 1391457
13.827579 1391993
13.832187 1392529
13.836795 1393065
13.841403 1393601
13.846011 1394137
13.850619 1394673
13.855227 1395209
13.859835 1395745
13.864443 1396281
13.869051 1396817
13.873659 1397353
13.878267 1397889
13.882875 1398425
13.887483 1398961
13.892091 1399497
13.896699 1400033
13.901307 1400569
13.905915 1401105
13.910523 1401641
13.915131 1402177
13.919739 1402713
13.924347 1403249
13.928955 1403785
13.933563 1404321
13.938171 1404857
13.942779 1405393
13.947387 1405929
13.951995 1406465
13.956603 1407001
13.961211 1407537
13.965819 1408073
13.970427 1408609
13.975035 1409145
13.979643 1409681
13.984251 1410217
13.988859 1410753
13.993467 1411289
13.998075 1411825
14.002683 1412361
14.007291 1412897
14.011899 1413433
14.016507 1413969
14.021115 1414505
14.025723 1415041
14.030331 1415577
14.034939 1416113
14.039547 1416649
14.044155 1417185
14.048763 1417721
14.053371 1418257
14.057979 1418793
14.062587 1419329
14.067195 1419865
14.071803 1420401
14.076411 1420937
14.081019 1421473
14.085627 1422009
14.090235 1422545
14.094843 1423081
14.099451 1423617
14.104059 1424153
14.108667 1424689
14.113275 1425225
14.117883 1425761
14.122491 1426297
14.127099 1426833
14.131707 1427369
14.136315 1427905
14.140923 1428441
14.145531 1428977
14.150139 1429513
14.154747 1430049
14.159355 1430585
14.163963 1431121
14.168571 1431657
14.173179 1432193
14.177787 1432729
14.182395 1433265
14.187003 1433801
14.191611 1434337
14.196219 1434873
14.200827 1435409
14.205435 1435945
14.210043 1436481
14.214651 1437017
14.219259 1437553
14.223867 1438089
14.228475 1438625
14.233083 1439161
14.237691 1439697
14.242299 1440233
14.246907 1440769
14.251515 1441305
14.256123 1441841
14.260731 1442377
14.265339 1442913
14.269947 1443449
14.274555 1443985
14.279163 1444521
14.283771 1445057
14.288379 1445593
14.292987 1446129
14.297595 1446665
14.302203 1447201
14.306811 1447737
14.311419 1448273
14.316027 1448809
14.320635 1449345
14.325243 1449881
14.329851 1450417
14.334459 1450953
14.339067 1451489
14.343675 1452025
14.348283 1452561
14.352891 1453097
14.357499 1453633
14.362107 1454169
14.366715 1454705
14.371323 1455241
14.375931 1455777
14.380539 1456313
14.385147 1456849
14.389755 1457385
14.394363 1457921
14.398971 1458457
14.403579 1458993
14.408187 1459529
14.412795 1460065
14.417403 1460601
14.422011 1461137
14.426619 1461673
14.431227 1462209
14.435835 1462745
14.440443 1463281
14.445051 1463817
14.449659 1464353
14.454267 1464889
14.458875 1465425
14.463483 1465961
14.468091 1466497
14.472699 1467033
14.477307 1467569
14.481915 1468105
14.486523 1468641
14.491131 1469177
14.495739 1469713
14.500347 1470249
14.504955 1470785
14.509563 1471321
14.514171 1471857
14.518779 1472393
14.523387 1472929
14.527995 1473465
14.532603 1474001
14.537211 1474537
14.541819 1475073
14.546427 1475609
14.551035 1476145
14.555643 1476681
14.560251 1477217
14.564859 1477753
14.569467 1478289
14.574075 1478825
14.578683 1479361
14.583291 1479897
14.587899 1480433
14.592507 1480969
14.597115 1481505
14.601723 1482041
14.606331 1482577
14.610939 1483113
14.615547 1483649
14.620155 1484185
14.624763 1484721
14.629371 1485257
14.633979 1485793
14.638587 1486329
14.643195 1486865
14.647803 1487401
14.652411 1487937
14.657019 1488473
14.661627 1489009
14.666235 1489545
14.670843 1490081
14.675451 1490617
14.680059 1491153
14.684667 1491689
14.689275 1492225
14.693883 1492761
14.698491 1493297
14.703099 1493833
14.707707 1494369
14.712315 1494905
14.716923 1495441
14.721531 1495977
14.726139 1496513
14.730747 1497049
14.735355 1497585
14.739963 1498121
14.744571 1498657
14.749179 1499193
14.753787 1499729
14.758395 1500265
14.763003 1500801
14.767611 1501337
14.772219 1501873
14.776827 1502409
14.781435 1502945
14.786043 1503481
14.790651 1504017
14.795259 1504553
14.799867 1505089
14.804475 1505625
14.809083 1506161
14.813691 1506697
14.818299 1507233
14.822907 1507769
14.827515 1508305
14.832123 1508841
14.836731 1509377
14.841339 1509913
14.845947 1510449
14.850555 1510985
14.855163 1511521
14.859771 1512057
14.864379 1512593
14.868987 1513129
14.873595 1513665
14.878203 1514201
14.882811 1514737
14.887419 1515273
14.892027 1515809
14.896635 1516345
14.901243 1516881
14.905851 1517417
14.910459 1517953
14.915067 1518489
14.919675 1519025
14.924283 1519561
14.928891 1520097
14.933499 1520633
14.938107 1521169
14.942715 1521705
14.947323 1522241
14.951931 1522777
14.956539 1523313
14.961147 1523849
14.965755 1524385
14.970363 1524921
14.974971 1525457
14.979579 1525993
14.984187 1526529
14.988795 1527065
14.993403 1527601
14.998011 1528137
15.002619 1528673
15.007227 1529209
15.011835 1529745
15.016443 1530281
15.021051 1530817
15.025659 1531353
15.030267 1531889
15.034875 1532425
15.039483 1532961
15.044091 1533497
15.048699 1534033
15.053307 1534569
15.057915 1535105
15.062523 1535641
15.067131 1536177
15.071739 1536713
15.076347 1537249
15.080955 1537785
15.085563 1538321
15.090171 1538857
15.094779 1539393
15.099387 1539929
15.103995 1540465
15.108603 1541001
15.113211 1541537
15.117819 1542073
15.122427 1542609
15.127035 1543145
15.131643 1543681
15.136251 1544217
15.140859 1544753
15.145467 1545289
15.150075 1545825
15.154683 1546361
15.159291 1546897
15.163899 1547433
15.168507 1547969
15.173115 1548505
15.177723 1549041
15.182331 1549577
15.186939 1550113
15.191547 1550649
15.196155 1551185
15.200763 1551721
15.205371 1552257
15.209979 1552793
15.214587 1553329
15.219195 1553865
15.223803 1554401
15.228411 1554937
15.233019 1555473
15.237627 1556009
15.242235 1556545
15.246843 1557081
15.251451 1557617
15.256059 1558153
15.260667 1558689
15.265275 1559225
15.269883 1559761
15.274491 1560297
15.279099 1560833
15.283707 1561369
15.288315 1561905
15.292923 1562441
15.297531 1562977
15.302139 1563513
15.306747 1564049
15.311355 1564585
15.315963 1565121
15.320571 1565657
15.325179 1566193
15.329787 1566729
15.334395 1567265
15.339003 1567801
15.343611 1568337
15.348219 1568873
15.352827 1569409
15.357435 1569945
15.362043 1570481
15.366651 1571017
15.371259 1571553
15.375867 1572089
15.380475 1572625
15.385083 1573161
15.389691 1573697
15.394299 1574233
15.398907 1574769
15.403515 1575305
15.408123 1575841
15.412731 1576377
15.417339 1576913
15.421947 1577449
15.426555 1577985
15.431163 1578521
15.435771 1579057
15.440379 1579593
15.444987 1580129
15.449595 1580665
15.454203 1581201
15.458811 1581737
15.463419 1582273
15.468027 1582809
15.472635 1583345
15.477243 1583881
15.481851 1584417
15.486459 1584953
15.491067 1585489
15.495675 1586025
15.500283 1586561
15.504891 1587097
15.509499 1587633
15.514107 1588169
15.518715 1588705
15.523323 1589241
15.527931 1589777
15.532539 1590313
15.537147 1590849
15.541755 1591385
15.546363 1591921
15.550971 1592457
15.555579 1592993
15.560187 1593529
15.564795 1594065
15.569403 1594601
15.574011 1595137
15.578619 1595673
15.583227 1596209
15.587835 1596745
15.592443 1597281
15.597051 1597817
15.601659 1598353
15.606267 1598889
15.610875 1599425
15.615483 1599961
15.620091 1600497
15.624699 1601033
15.629307 1601569
15.633915 1602105
15.638523 1602641
15.643131 1603177
15.647739 1603713
15.652347 1604249
15.656955 1604785
15.661563 1605321
15.666171 1605857
15.670779 1606393
15.675387 1606929
15.679995 1607465
15.684603 1608001
15.689211 1608537
15.693819 1609073
15.698427 1609609
15.703035 1610145
15.707643 1610681
15.712251 1611217
15.716859 1611753
15.721467 1612289
15.726075 1612825
15.730683 1613361
15.735291 1613897
15.739899 1614433
15.744507 1614969
15.749115 1615505
15.753723 1616041
15.758331 1616577
15.762939 1617113
15.767547 1617649
15.772155 1618185
15.776763 1618721
15.781371 1619257
15.785979 1619793
15.790587 1620329
15.795195 1620865
15.799803 1621401
15.804411 1621937
15.809019 1622473
15.813627 1623009
15.818235 1623545
15.822843 1624081
15.827451 1624617
15.832059 1625153
15.836667 1625689
15.841275 1626225
15.845883 1626761
15.850491 1627297
15.855099 1627833
15.859707 1628369
15.864315 1628905
15.868923 1629441
15.873531 1629977
15.878139 1630513
15.882747 1631049
15.887355 1631585
15.891963 1632121
15.896571 1632657
15.901179 1633193
15.905787 1633729
15.910395 1634265
15.915003 1634801
15.919611 1635337
15.924219 1635873
15.928827 1636409
15.933435 1636945
15.938043 1637481
15.942651 1638017
15.947259 1638553
15.951867 1639089
15.956475 1639625
15.961083 1640161
15.965691 1640697
15.970299 1641233
15.974907 1641769
15.979515 1642305
15.984123 1642841
15.988731 1643377
15.993339 1643913
15.997947 1644449
16.002555 1644985
16.007163 1645521
16.011771 1646057
16.016379 1646593
16.020987 1647129
16.025595 1647665
16.030203 1648201
16.034811 1648737
16.039419 1649273
16.044027 1649809
16.048635 1650345
16.053243 1650881
16.057851 1651417
16.062459 1651953
16.067067 1652489
16.071675 1653025
16.076283 1653561
16.080891 1654097
16.085499 1654633
16.090107 1655169
16.094715 1655705
16.099323 1656241
16.103931 1656777
16.108539 1657313
16.113147 1657849
16.117755 1658385
16.122363 1658921
16.126971 1659457
16.131579 1659993
16.136187 1660529
16.140795 1661065
16.145403 1661601
16.150011 1662137
16.154619 1662673
16.159227 1663209
16.163835 1663745
16.168443 1664281
16.173051 1664817
16.177659 1665353
16.182267 1665889
16.186875 1666425
16.191483 1666961
16.196091 1667497
16.200699 1668033
16.205307 1668569
16.209915 1669105
16.214523 1669641
16.219131 1670177
16.223739 1670713
16.228347 1671249
16.232955 1671785
16.237563 1672321
16.242171 1672857
16.246779 1673393
16.251387 1673929
16.255995 1674465
16.260603 1675001
16.265211 1675537
16.269819 1676073
16.274427 1676609
16.279035 1677145
16.283643 1677681
16.288251 1678217
16.292859 1678753
16.297467 1679289
16.302075 1679825
16.306683 1680361
16.311291 1680897
16.315899 1681433
16.320507 1681969
16.325115 1682505
16.329723 1683041
16.334331 1683577
16.338939 1684113
16.343547 1684649
16.348155 1685185
16.352763 1685721
16.357371 1686257
16.361979 1686793
16.366587 1687329
16.371195 1687865
16.375803 1688401
16.380411 1688937
16.385019 1689473
16.389627 1690009
16.394235 1690545
16.398843 1691081
16.403451 1691617
16.408059 1692153
16.412667 1692689
16.417275 1693225
16.421883 1693761
16.426491 1694297
16.431099 1694833
16.435707 1695369
16.440315 1695905
16.444923 1696441
16.449531 1696977
16.454139 1697513
16.458747 1698049
16.463355 1698585
16.467963 1699121
16.472571 1699657
16.477179 1700193
16.481787 1700729
16.486395 1701265
16.491003 1701801
16.495611 1702337
16.500219 1702873
16.504827 1703409
16.509435 1703945
16.514043 1704481
16.518651 1705017
16.523259 1705553
16.527867 1706089
16.532475 1706625
16.537083 1707161
16.541691 1707697
16.546299 1708233
16.550907 1708769
16.555515 1709305
16.560123 1709841
16.564731 1710377
16.569339 1710913
16.573947 1711449
16.578555 1711985
16.583163 1712521
16.587771 1713057
16.592379 1713593
16.596987 1714129
16.601595 1714665
16.606203 1715201
16.610811 1715737
16.615419 1716273
16.620027 1716809
16.624635 1717345
16.629243 1717881
16.633851 1718417
16.638459 1718953
16.643067 1719489
16.647675 1720025
16.652283 1720561
16.656891 1721097
16.661499 1721633
16.666107 1722169
16.670715 1722705
16.675323 1723241
16.679931 1723777
16.684539 1724313
16.689147 1724849
16.693755 1725385
16.698363 1725921
16.702971 1726457
16.707579 1726993
16.712187 1727529
16.716795 1728065
16.721403 1728601
16.726011 1729137
16.730619 1729673
16.735227 1730209
16.739835 1730745
16.744443 1731281
16.749051 1731817
16.753659 1732353
16.758267 1732889
16.762875 1733425
16.767483 1733961
16.772091 1734497
16.776699 1735033
16.781307 1735569
16.785915 1736105
16.790523 1736641
16.795131 1737177
16.799739 1737713
16.804347 1738249
16.808955 1738785
16.813563 1739321
16.818171 1739857
16.822779 1740393
16.827387 1740929
16.831995 1741465
16.836603 1742001
16.841211 1742537
16.845819 1743073
16.850427 1743609
16.855035 1744145
16.859643 1744681
16.864251 1745217
16.868859 1745753
16.873467 1746289
16.878075 1746825
16.882683 1747361
16.887291 1747897
16.891899 1748433
16.896507 1748969
16.901115 1749505
16.905723 1750041
16.910331 1750577
16.914939 1751113
16.919547 1751649
16.924155 1752185
16.928763 1752721
16.933371 1753257
16.937979 1753793
16.942587 1754329
16.947195 1754865
16.951803 1755401
16.956411 1755937
16.961019 1756473
16.965627 1757009
16.970235 1757545
16.974843 1758081
16.979451 1758617
16.984059 1759153
16.988667 1759689
16.993275 1760225
16.997883 1760761
17.002491 1761297
17.007099 1761833
17.011707 1762369
17.016315 1762905
17.020923 1763441
17.025531 1763977
17.030139 1764513
17.034747 1765049
17.039355 1765585
17.043963 1766121
17.048571 1766657
17.053179 1767193
17.057787 1767729
17.062395 1768265
17.067003 1768801
17.071611 1769337
17.076219 1769873
17.080827 1770409
17.085435 1770945
17.090043 1771481
17.094651 1772017
17.099259 1772553
17.103867 1773089
17.108475 1773625
17.113083 1774161
17.117691 1774697
17.122299 1775233
17.126907 1775769
17.131515 1776305
17.136123 1776841
17.140731 1777377
17.145339 1777913
17.149947 1778449
17.154555 1778985
17.159163 1779521
17.163771 1780057
17.168379 1780593
17.172987 1781129
17.177595 1781665
17.182203 1782201
17.186811 1782737
17.191419 1783273
17.196027 1783809
17.200635 1784345
17.205243 1784881
17.209851 1785417
17.214459 1785953
17.219067 1786489
17.223675 1787025
17.228283 1787561
17.232891 1788097
17.237499 1788633
17.242107 1789169
17.246715 1789705
17.251323 1790241
17.255931 1790777
17.260539 1791313
17.265147 1791849
17.269755 1792385
17.274363 1792921
17.278971 1793457
17.283579 1793993
17.288187 1794529
17.292795 1795065
17.297403 1795601
17.302011 1796137
17.306619 1796673
17.311227 1797209
17.315835 1797745
17.320443 1798281
17.325051 1798817
17.329659 1799353
17.334267 1799889
17.338875 1800425
17.343483 1800961
17.348091 1801497
17.352699 1802033
17.357307 1802569
17.361915 1803105
17.366523 1803641
17.371131 1804177
17.375739 1804713
17.380347 1805249
17.384955 1805785
17.389563 1806321
17.394171 1806857
17.398779 1807393
17.403387 1807929
17.407995 1808465
17.412603 1809001
17.417211 1809537
17.421819 1810073
17.426427 1810609
17.431035 1811145
17.435643 1811681
17.440251 1812217
17.444859 1812753
17.449467 1813289
17.454075 1813825
17.458683 1814361
17.463291 1814897
17.467899 1815433
17.472507 1815969
17.477115 1816505
17.481723 1817041
17.486331 1817577
17.490939 1818113
17.495547 1818649
17.500155 1819185
17.504763 1819721
17.509371 1820257
17.513979 1820793
17.518587 1821329
17.523195 1821865
17.527803 1822401
17.532411 1822937
17.537019 1823473
17.541627 1824009
17.546235 1824545
17.550843 1825081
17.555451 1825617
17.560059 1826153
17.564667 1826689
17.569275 1827225
17.573883 1827761
17.578491 1828297
17.583099 1828833
17.587707 1829369
17.592315 1829905
17.596923 1830441
17.601531 1830977
17.606139 1831513
17.610747 1832049
17.615355 1832585
17.619963 1833121
17.624571 1833657
17.629179 1834193
17.633787 1834729
17.638395 1835265
17.643003 1835801
17.647611 1836337
17.652219 1836873
17.656827 1837409
17.661435 1837945
17.666043 1838481
17.670651 1839017
17.675259 1839553
17.679867 1840089
17.684475 1840625
17.689083 1841161
17.693691 1841697
17.698299 1842233
17.702907 1842769
17.707515 1843305
17.712123 1843841
17.716731 1844377
17.721339 1844913
17.725947 1845449
17.730555 1845985
17.735163 1846521
17.739771 1847057
17.744379 1847593
17.748987 1848129
17.753595 1848665
17.758203 1849201
17.762811 1849737
17.767419 1850273
17.772027 1850809
17.776635 1851345
17.781243 1851881
17.785851 1852417
17.790459 1852953
17.795067 1853489
17.799675 1854025
17.804283 1854561
17.808891 1855097
17.813499 1855633
17.818107 1856169
17.822715 1856705
17.827323 1857241
17.831931 1857777
17.836539 1858313
17.841147 1858849
17.845755 1859385
17.850363 1859921
17.854971 1860457
17.859579 1860993
17.864187 1861529
17.868795 1862065
17.873403 1862601
17.878011 1863137
17.882619 1863673
17.887227 1864209
17.891835 1864745
17.896443 1865281
17.901051 1865817
17.905659 1866353
17.910267 1866889
17.914875 1867425
17.919483 1867961
17.924091 1868497
17.928699 1869033
17.933307 1869569
17.937915 1870105
17.942523 1870641
17.947131 1871177
17.951739 1871713
17.956347 1872249
17.960955 1872785
17.965563 1873321
17.970171 1873857
17.974779 1874393
17.979387 1874929
17.983995 1875465
17.988603 1876001
17.993211 1876537
17.997819 1877073
18.002427 1877609
18.007035 1878145
18.011643 1878681
18.016251 1879217
18.020859 1879753
18.025467 1880289
18.030075 1880825
18.034683 1881361
18.039291 1881897
18.043899 1882433
18.048507 1882969
18.053115 1883505
18.057723 1884041
18.062331 1884577
18.066939 1885113
18.071547 1885649
18.076155 1886185
18.080763 1886721
18.085371 1887257
18.089979 1887793
18.094587 1888329
18.099195 1888865
18.103803 1889401
18.108411 1889937
18.113019 1890473
18.117627 1891009
18.122235 1891545
18.126843 1892081
18.131451 1892617
18.136059 1893153
18.140667 1893689
18.145275 1894225
18.149883 1894761
18.154491 1895297
18.159099 1895833
18.163707 1896369
18.168315 1896905
18.172923 1897441
18.177531 1897977
18.182139 1898513
18.186747 1899049
18.191355 1899585
18.195963 1900121
18.200571 1900657
18.205179 1901193
18.209787 1901729
18.214395 1902265
18.219003 1902801
18.223611 1903337
18.228219 1903873
18.232827 1904409
18.237435 1904945
18.242043 1905481
18.246651 1906017
18.251259 1906553
18.255867 1907089
18.260475 1907625
18.265083 1908161
18.269691 1908697
18.274299 1909233
18.278907 1909769
18.283515 1910305
18.288123 1910841
18.292731 1911377
18.297339 1911913
18.301947 1912449
18.306555 1912985
18.311163 1913521
18.315771 1914057
18.320379 1914593
18.324987 1915129
18.329595 1915665
18.334203 1916201
18.338811 1916737
18.343419 1917273
18.348027 1917809
18.352635 1918345
18.357243 1918881
18.361851 1919417
18.366459 1919953
18.371067 1920489
18.375675 1921025
18.380283 1921561
18.384891 1922097
18.389499 1922633
18.394107 1923169
18.398715 1923705
18.403323 1924241
18.407931 1924777
18.412539 1925849
18.417147 1926385
18.421755 1926921
18.426363 1927457
18.430971 1927993
18.435579 1928529
18.440187 1929065
18.444795 1929601
18.449403 1930137
18.454011 1930673
18.458619 1931209
18.463227 1931745
18.467835 1932281
18.472443 1932817
18.477051 1933353
18.481659 1933889
18.486267 1934425
18.490875 1934961
18.495483 1935497
18.500091 1936033
18.504699 1936569
18.509307 1937105
18.513915 1937641
18.518523 1938177
18.523131 1938713
18.527739 1939249
18.532347 1939785
18.536955 1940321
18.541563 1940857
18.546171 1941393
18.550779 1941929
18.555387 1942465
18.559995 1943001
18.564603 1943537
18.569211 1944073
18.573819 1944609
18.578427 1945145
18.583035 1945681
18.587643 1946217
18.592251 1946753
18.596859 1947289
18.601467 1947825
18.606075 1948361
18.610683 1948897
18.615291 1949433
18.619899 1949969
18.624507 1950505
18.629115 1951041
18.633723 1951577
18.638331 1952113
18.642939 1952649
18.647547 1953185
18.652155 1953721
18.656763 1954257
18.661371 1954793
18.665979 1955329
18.670587 1955865
18.675195 1956401
18.679803 1956937
18.684411 1957473
18.689019 1958009
18.693627 1958545
18.698235 1959081
18.702843 1959617
18.707451 1960153
18.712059 1960689
18.716667 1961225
18.721275 1961761
18.725883 1962297
18.730491 1962833
18.735099 1925313
18.739707 1963369
18.744315 1963905
18.748923 1964441
18.753531 1964977
18.758139 1965513
18.762747 1966049
18.767355 1966585
18.771963 1967121
18.776571 1967657
18.781179 1968193
18.785787 1968729
18.790395 1969265
18.795003 1969801
18.799611 1970337
18.804219 1970873
18.808827 1971409
18.813435 1971945
18.818043 1972481
18.822651 1973017
18.827259 1973553
18.831867 1974089
18.836475 1974625
18.841083 1975161
18.845691 1975697
18.850299 1976233
18.854907 1976769
18.859515 1977305
18.864123 1977841
18.868731 1978377
18.873339 1978913
18.877947 1979449
18.882555 1979985
18.887163 1980521
18.891771 1981057
18.896379 1981593
18.900987 1982129
18.905595 1982665
18.910203 1983201
18.914811 1983737
18.919419 1984273
18.924027 1984809
18.928635 1985345
18.933243 1985881
18.937851 1986417
18.942459 1986953
18.947067 1987489
18.951675 1988025
18.956283 1988561
18.960891 1989097
18.965499 1989633
18.970107 1990169
18.974715 1990705
18.979323 1991241
18.983931 1991777
18.988539 1992313
18.993147 1992849
18.997755 1993385
19.002363 1993921
19.006971 1994457
19.011579 1994993
19.016187 1995529
19.020795 1996065
19.025403 1996601
19.030011 1997137
19.034619 1997673
19.039227 1998209
19.043835 1998745
19.048443 1999281
19.053051 1999817
19.057659 2000353
19.062267 2000889
19.066875 2001425
19.071483 2001961
19.076091 2002497
19.080699 2003033
19.085307 2003569
19.089915 2004105
19.094523 2004641
19.099131 2005177
19.103739 2005713
19.108347 2006249
19.112955 2006785
19.117563 2007321
19.122171 2007857
19.126779 2008393
19.131387 2008929
19.135995 2009465
19.140603 2010001
19.145211 2010537
19.149819 2011073
19.154427 2011609
19.159035 2012145
19.163643 2012681
19.168251 2013217
19.172859 2013753
19.177467 2014289
19.182075 2014825
19.186683 2015361
19.191291 2015897
19.195899 2016433
19.200507 2016969
19.205115 2017505
19.209723 2018041
19.214331 2018577
19.218939 2019113
19.223547 2019649
19.228155 2020185
19.232763 2020721
19.237371 2021257
19.241979 2021793
19.246587 2022329
19.251195 2022865
19.255803 2023401
19.260411 2023937
19.265019 2024473
19.269627 2025009
19.274235 2025545
19.278843 2026081
19.283451 2026617
19.288059 2027153
19.292667 2027689
19.297275 2028225
19.301883 2028761
19.306491 2029297
19.311099 2029833
19.315707 2030369
19.320315 2030905
19.324923 2031441
19.329531 2031977
19.334139 2032513
19.338747 2033049
19.343355 2033585
19.347963 2034121
19.352571 2034657
19.357179 2035193
19.361787 2035729
19.366395 2036265
19.371003 2036801
19.375611 2037337
19.380219 2037873
19.384827 2038409
19.389435 2038945
19.394043 2039481
19.398651 2040017
19.403259 2040553
19.407867 2041089
19.412475 2041625
19.417083 2042161
19.421691 2042697
19.426299 2043233
19.430907 2043769
19.435515 2044305
19.440123 2044841
19.444731 2045377
19.449339 2045913
19.453947 2046449
19.458555 2046985
19.463163 2047521
19.467771 2048057
19.472379 2048593
19.476987 2049129
19.481595 2049665
19.486203 2050201
19.490811 2050737
19.495419 2051273
19.500027 2051809
19.504635 2052345
19.509243 2052881
19.513851 2053417
19.518459 2053953
19.523067 2054489
19.527675 2055025
19.532283 2055561
19.536891 2056097
19.541499 2056633
19.546107 2057169
19.550715 2057705
19.555323 2058241
19.559931 2058777
19.564539 2059313
19.569147 2059849
19.573755 2060385
19.578363 2060921
19.582971 2061457
19.587579 2061993
19.592187 2062529
19.596795 2063065
19.601403 2063601
19.606011 2064137
19.610619 2064673
19.615227 2065209
19.619835 2065745
19.624443 2066281
19.629051 2066817
19.633659 2067353
19.638267 2067889
19.642875 2068425
19.647483 2068961
19.652091 2069497
19.656699 2070033
19.661307 2070569
19.665915 2071105
19.670523 2071641
19.675131 2072177
19.679739 2072713
19.684347 2073249
19.688955 2073785
19.693563 2074321
19.698171 2074857
19.702779 2075393
19.707387 2075929
19.711995 2076465
19.716603 2077001
19.721211 2077537
19.725819 2078073
19.730427 2078609
19.735035 2079145
19.739643 2079681
19.744251 2080217
19.748859 2080753
19.753467 2081289
19.758075 2081825
19.762683 2082361
19.767291 2082897
19.771899 2083433
19.776507 2083969
19.781115 2084505
19.785723 2085041
19.790331 2085577
19.794939 2086113
19.799547 2086649
19.804155 2087185
19.808763 2087721
19.813371 2088257
19.817979 2088793
19.822587 2089329
19.827195 2089865
19.831803 2090401
19.836411 2090937
19.841019 2091473
19.845627 2092009
19.850235 2092545
19.854843 2093081
19.859451 2093617
19.864059 2094153
19.868667 2094689
19.873275 2095225
19.877883 2095761
19.882491 2096297
19.887099 2096833
19.891707 2097369
19.896315 2097905
19.900923 2098441
19.905531 2098977
19.910139 2099513
19.914747 2100049
19.919355 2100585
19.923963 2101121
19.928571 2101657
19.933179 2102193
19.937787 2102729
19.942395 2103265
19.947003 2103801
19.951611 2104337
19.956219 2104873
19.960827 2105409
19.965435 2105945
19.970043 2106481
19.974651 2107017
19.979259 2107553
19.983867 2108089
19.988475 2108625
19.993083 2109161
19.997691 2109697
